# BEGINHEADER
# This file contains data from the SALSA 2m radio telescope.
# DATE=2022-12-10T14:23:0019
# GLON and GLAT given in degrees
# GLON=19.86426509446937
# GLAT=0.22867820134366892
# DATA in two columns below. Col. 1 is velocity relative to LSR [km/s]. Col. 2 is uncalibrated antenna temperature [K].
# ENDHEADER
270.6195789651124 2.848318758245725
268.55843501451375 5.882914432162083
266.49729106391504 6.15771569023651
264.43614711331645 6.795878930929919
262.3750031627178 6.7518851606228125
260.31385921211916 5.665239868384579
258.2527152615205 8.106307371761828
256.1915713109219 6.3899626069745326
254.13042736032327 8.115186850489726
252.0692834097246 5.6436847581139045
250.00813945912597 9.922097701821247
247.94699550852732 -1.5045602928415593
245.8858515579287 -4.2932637069705155
243.82470760733005 10.977012133010328
241.7635636567314 6.633745805437975
239.70241970613276 9.7778530474167
237.64127575553414 6.902568197442474
235.5801318049355 7.310912232177933
233.51898785433684 7.7105224282247615
231.4578439037382 9.449274250985088
229.39669995313957 7.542940803046848
227.33555600254093 8.158139797770804
225.27441205194228 4.658353726944391
223.21326810134363 6.4874114903548
221.15212415074498 11.478804511930333
219.09098020014636 10.134136827644928
217.0298362495477 8.773525830592632
214.9686922989491 9.935226204298083
212.90754834835042 8.414733114102141
210.8464043977518 8.46291097938217
208.78526044715315 9.480339089227167
206.72411649655453 8.500767866003022
204.66297254595588 9.608002179227286
202.60182859535723 7.787821268478133
200.54068464475858 8.669724854846624
198.47954069415997 10.750915893885338
196.41839674356132 9.689935144656522
194.3572527929627 9.315060875932101
192.29610884236405 12.56684068208927
190.23496489176543 10.891980950557485
188.17382094116678 9.786599806922725
186.1126769905681 10.412212156229758
184.05153303996948 11.96191424864043
181.99038908937084 7.102204997055144
179.92924513877222 7.373164943360073
177.86810118817354 10.28392747057276
175.80695723757492 10.051644947755396
173.74581328697627 9.858790413306092
171.68466933637765 10.443724183819821
169.623525385779 10.42928279302588
167.56238143518036 9.968014127886887
165.5012374845817 11.653148352500299
163.4400935339831 11.165674886219605
161.37894958338444 10.440653132148443
159.31780563278582 8.20534745894659
157.25666168218714 9.709603048012784
155.19551773158852 11.597165906086012
153.13437378098988 10.869504807278483
151.07322983039126 12.01882457018617
149.0120858797926 10.68137127998412
146.95094192919393 12.775153640298516
144.8897979785953 12.668839286785868
142.82865402799666 10.494760960091932
140.76751007739804 11.048691664414559
138.70636612679937 10.883179870203733
136.64522217620075 11.13120775894988
134.5840782256021 11.173924143143136
132.52293427500348 14.71492741727234
130.46179032440483 14.630039002218949
128.40064637380618 16.469949167646693
126.33950242320753 16.63136083631071
124.2783584726089 19.247550474648556
122.21721452201025 19.378202941255665
120.15607057141162 19.645895551308772
118.09492662081298 22.519593611202755
116.03378267021434 19.732869881773546
113.9726387196157 20.90962888148124
111.91149476901705 23.11132526396093
109.85035081841842 22.997251933302664
107.78920686781979 24.444358055010248
105.72806291722114 24.060361440956566
103.6669189666225 24.97752398144421
101.60577501602386 24.287942373843475
99.54463106542522 24.785014437039564
97.48348711482657 24.832068249904836
95.42234316422794 26.50113493110896
93.3611992136293 26.377033878854927
91.30005526303066 27.58365025557179
89.23891131243201 25.706825617942627
87.17776736183336 27.55155743732875
85.11662341123473 28.107192693877245
83.05547946063608 30.631171206762616
80.99433551003744 28.529484104934035
78.93319155943881 29.11561184642079
76.87204760884016 32.56543768876339
74.81090365824153 30.925320412888045
72.74975970764288 31.196270128450273
70.68861575704425 30.69145768400108
68.6274718064456 32.790005793091034
66.56632785584696 33.0329134942153
64.50518390524832 36.00743612439014
62.44403995464968 37.50834085891074
60.382896004051034 39.576350535232244
58.3217520534524 40.41529929051582
56.26060810285376 41.85586140102944
54.19946415225512 43.88240311279659
52.13832020165648 46.183284432892286
50.077176251057836 43.93645165962636
48.016032300459194 46.0790157863991
45.95488834986056 49.58663875844816
43.89374439926192 49.44325253272772
41.83260044866327 49.10746102854044
39.77145649806463 50.10055593168784
37.71031254746599 54.668167663641526
35.64916859686735 51.578790719666905
33.58802464626871 54.047678757700716
31.52688069567007 60.00295411149361
29.46573674507143 62.44030433378322
27.404592794472787 62.869479563591895
25.343448843874146 68.870279045587
23.282304893275505 73.98111876055795
21.221160942676864 80.26267377223584
19.160016992078223 83.68044586021252
17.098873041479578 86.08545786007917
15.037729090880939 84.42101270495459
12.9765851402823 83.32724428815152
10.915441189683659 83.69644097127986
8.854297239085017 80.42690617284885
6.793153288486377 76.89735210471925
4.732009337887736 78.92456332855265
2.670865387289096 81.9622888805691
0.6097214366904551 79.32230504694667
-1.4514225139081858 65.7848731293255
-3.512566464506827 53.47720250829695
-5.5737104151054675 45.78815969009297
-7.634854365704109 38.7211460320198
-9.695998316302749 37.03974610028077
-11.75714226690139 35.75466471431976
-13.818286217500031 33.28996773223498
-15.879430168098672 33.476394330789546
-17.940574118697313 33.92085498355652
-20.00171806929595 31.941324484002603
-22.062862019894595 32.11960272672809
-24.124005970493236 30.792871009026033
-26.185149921091874 31.362337717719228
-28.24629387169051 28.605665237779093
-30.307437822289156 28.83574696716909
-32.368581772887794 27.63307000608549
-34.429725723486435 23.816917329692846
-36.49086967408508 19.312425978585726
-38.55201362468372 17.611059296922747
-40.61315757528236 14.492490415856045
-42.674301525881 12.802702182176963
-44.73544547647964 12.762637717759484
-46.79658942707828 10.261810179785071
-48.85773337767692 8.875208841005026
-50.918877328275556 7.398071931627364
-52.9800212788742 7.680352251200402
-55.041165229472846 7.201363996263358
-57.10230918007149 6.859732340131331
-59.16345313067013 6.643484118301335
-61.22459708126877 5.109508569058673
-63.28574103186741 5.96830033229724
-65.34688498246605 6.701242568963743
-67.4080289330647 5.629699830313553
-69.46917288366333 5.0911693713579655
-71.53031683426198 5.156730546594156
-73.59146078486062 4.6603611351088094
-75.65260473545925 5.885175074011021
-77.7137486860579 6.261872430992622
-79.77489263665653 4.174294594328825
-81.83603658725518 4.741896335304626
-83.89718053785381 4.850522469951711
-85.95832448845245 4.989518464881114
-88.0194684390511 4.113553553738858
-90.08061238964973 4.745361406087747
-92.14175634024838 5.68123238071102
-94.20290029084701 5.50044420909448
-96.26404424144566 5.029813370960831
-98.3251881920443 5.6935050017013324
-100.38633214264293 4.641994166743305
-102.44747609324158 4.4394718704664395
-104.50862004384022 3.292836305047685
-106.56976399443887 4.947791434913437
-108.6309079450375 5.995297015715408
-110.69205189563615 5.348700452377899
-112.75319584623479 4.190274586864156
-114.81433979683342 5.191229222650758
-116.87548374743207 5.265732089447157
-118.9366276980307 2.3211262075882657
-120.99777164862935 4.801592089508591
-123.05891559922799 5.986070902508465
-125.12005954982664 2.922599751783348
-127.18120350042527 4.9869114330681645
-129.2423474510239 5.419911584852595
-131.30349140162255 2.6571805965203112
-133.3646353522212 2.6229155131417583
-135.42577930281985 3.0109626822076674
-137.48692325341847 4.659282731660929
-139.54806720401712 4.717159385541648
-141.60921115461574 1.8382564674683153
-143.6703551052144 3.701354633595495
-145.73149905581303 3.4228480140377857
-147.79264300641168 3.656601753390604
-149.8537869570103 4.997454967937187
-151.91493090760898 4.7747285001344135
-153.9760748582076 3.5630260986221507
-156.03721880880624 4.346779981404969
-158.09836275940486 2.0540893102656206
-160.1595067100035 2.1633880422971234
-162.2206506606022 3.325301902845066
-164.2817946112008 3.0123560510330183
-166.34293856179946 2.702175764317987
-168.40408251239808 3.0055577403874314
-170.46522646299672 2.230832676633818
-172.52637041359537 3.167457481246515
-174.58751436419402 1.8285779430522207
-176.64865831479264 2.3955692874408023
-178.7098022653913 3.7169340478880533
-180.77094621598994 3.3595302323858394
-182.83209016658859 1.8655362287689143
-184.8932341171872 3.6972722516790095
-186.95437806778585 3.9971561417628934
-189.01552201838447 3.1434203798996854
-191.07666596898315 2.216241720822173
-193.13780991958177 2.1164336579922796
-195.19895387018042 2.8219352034087315
-197.26009782077904 2.7271303163314724
-199.32124177137771 3.9687175154505443
-201.38238572197636 1.970913361519431
-203.443529672575 2.8758237565864313
-205.50467362317366 3.6470533757167143
-207.56581757377228 2.929519268270572
-209.62696152437093 3.079887970824084
-211.68810547496955 2.7101270112330242
-213.74924942556822 1.2754417363544384
-215.81039337616684 3.086464284173358
-217.8715373267655 1.708278262720439
-219.9326812773641 2.722246530928778
-221.9938252279628 3.831965326177178
-224.0549691785614 3.5338052398572075
-226.11611312916006 3.763305912847265
-228.17725707975868 4.07392226938693
-230.23840103035732 3.7238905520225134
-232.29954498095597 2.0900571720321692
-234.36068893155462 3.5641987612198363
-236.42183288215324 0.5525957022418928
-238.4829768327519 3.2376943744692093
-240.54412078335054 3.732249144797208
-242.60526473394918 2.2281767884924246
-244.66640868454783 3.3682357000560343
-246.72755263514645 3.4360740210707736
-248.7886965857451 5.721460919037036
-250.84984053634375 3.379884837796443
-252.9109844869424 1.899069754666416
-254.97212843754102 3.8627136577407257
