# BEGINHEADER
# This file contains data from the SALSA 2m radio telescope.
# DATE=2022-12-10T14:11:0030
# GLON and GLAT given in degrees
# GLON=24.81057937065767
# GLAT=0.2356170450763752
# DATA in two columns below. Col. 1 is velocity relative to LSR [km/s]. Col. 2 is uncalibrated antenna temperature [K].
# ENDHEADER
270.42828397902974 3.595788931301602
268.3671400284311 7.2634831072908375
266.30599607783245 3.8046242553289504
264.2448521272338 5.635430672925215
262.18370817663515 6.2915620575993625
260.1225642260365 5.928422196717522
258.0614202754379 6.99705517925761
256.00027632483926 6.484593203771307
253.9391323742406 8.034324016826972
251.87798842364194 6.503489536808734
249.81684447304332 9.153856249230842
247.75570052244467 -2.5552726681796663
245.69455657184605 -4.350557054850354
243.63341262124737 10.87131718640589
241.57226867064875 7.370291013824511
239.5111247200501 9.822443097044216
237.44998076945149 7.713793619091331
235.38883681885284 9.121624573797787
233.3276928682542 6.491728056779024
231.26654891765554 9.115989527413175
229.20540496705692 6.141999064466075
227.14426101645827 8.312824191913649
225.08311706585962 1.114974020654237
223.02197311526098 5.028537695793495
220.96082916466236 10.874610638260199
218.8996852140637 7.497109507542461
216.8385412634651 9.27063592732301
214.7773973128664 6.48005844439189
212.71625336226776 7.158972346897704
210.65510941166914 8.95451957886553
208.5939654610705 7.673160500029741
206.53282151047188 8.848504899363217
204.4716775598732 10.017749457224713
202.41053360927458 8.178934768498262
200.34938965867593 9.002342374372265
198.2882457080773 8.453639923997608
196.22710175747864 8.326090054511617
194.16595780688002 10.827920762059051
192.10481385628137 8.566576501319293
190.04366990568275 8.11645759518388
187.9825259550841 8.40150967054516
185.92138200448545 8.355784159473528
183.8602380538868 11.06126229695467
181.79909410328818 8.311104755545959
179.73795015268954 8.018917148111049
177.67680620209092 9.905418051663005
175.61566225149224 10.919673747607261
173.5545183008936 11.493687470730068
171.49337435029497 9.163901114236433
169.43223039969632 10.840860974002007
167.3710864490977 9.748091946760537
165.30994249849903 9.565570591684933
163.2487985479004 10.268893475228634
161.18765459730176 10.633683602381268
159.12651064670314 11.60559064980766
157.06536669610446 9.53710106680227
155.00422274550584 8.091510454206487
152.9430787949072 10.173257481488434
150.88193484430857 10.141767069689143
148.82079089370993 10.776259220426097
146.75964694311128 9.509934584260389
144.69850299251263 10.681497207751619
142.637359041914 10.393000264603053
140.57621509131536 10.898327412581883
138.51507114071674 11.703793341746524
136.45392719011807 8.89689293012987
134.39278323951942 10.856030089499889
132.3316392889208 11.205646771677342
130.27049533832215 11.48169586177086
128.2093513877235 11.35172656280218
126.14820743712488 12.957326927518212
124.08706348652623 13.593956379877994
122.0259195359276 17.106899396690075
119.96477558532895 19.350277809992015
117.9036316347303 20.658662236606723
115.84248768413165 20.478424720887027
113.78134373353302 23.64565829996008
111.72019978293439 27.782234767779308
109.65905583233574 30.669060676113915
107.5979118817371 35.3155248746125
105.53676793113846 35.314745639322
103.47562398053982 37.290423802206476
101.41448002994117 37.78212824626087
99.35333607934254 38.729171919746264
97.2921921287439 40.03256350245468
95.23104817814526 38.718142773655366
93.16990422754662 39.22402124829085
91.10876027694798 39.35495578049211
89.04761632634934 38.797654304847306
86.9864723757507 39.196728730501405
84.92532842515206 36.79558198930531
82.86418447455343 36.13938496583637
80.80304052395478 36.935973727339444
78.74189657335613 35.34775089039343
76.68075262275748 35.40567191562693
74.61960867215885 35.7317293541813
72.5584647215602 37.757717530109026
70.49732077096157 35.657146717971656
68.43617682036293 37.85868859085902
66.37503286976428 40.71717558921998
64.31388891916565 42.51963544777733
62.25274496856701 44.93483676279812
60.19160101796837 44.69993487067035
58.130457067369726 48.593641696619514
56.069313116771085 46.98716072113654
54.00816916617244 47.80941061474602
51.9470252155738 48.29176901019731
49.88588126497516 45.26832384722581
47.82473731437652 47.6013100157873
45.76359336377788 51.96678304687971
43.70244941317924 52.267158187899796
41.6413054625806 51.43315756569587
39.580161511981956 50.520178140070506
37.519017561383315 50.15475530180124
35.45787361078468 52.65523274283716
33.39672966018604 51.55640355223562
31.335585709587395 49.98701609660227
29.274441758988754 53.08980043014467
27.213297808390113 51.79873092017025
25.152153857791472 58.235455742881804
23.09100990719283 62.77384195077818
21.02986595659419 66.3291344869595
18.968722005995552 72.70632236960843
16.907578055396908 73.68395624033285
14.846434104798268 75.58012936524005
12.785290154199627 74.10260425010526
10.724146203600988 74.32161115542591
8.663002253002347 70.2030967321282
6.6018583024037065 69.5796445934451
4.5407143518050646 75.68427668796585
2.4795704012064244 81.2389685249724
0.41842645060778344 75.93904054787923
-1.6427174999908574 60.35954488042427
-3.7038614505894984 46.17700476744629
-5.765005401188139 39.17206746925694
-7.826149351786779 34.14986979578412
-9.887293302385421 30.291020838568674
-11.94843725298406 30.35765458823975
-14.009581203582702 28.35352100180393
-16.070725154181343 26.543610555514196
-18.131869104779984 25.770250019134057
-20.193013055378625 25.000992775222205
-22.254157005977266 25.33322767908456
-24.315300956575907 24.535182169520457
-26.376444907174548 27.408444675032886
-28.43758885777319 28.288789131659914
-30.498732808371827 28.341582715433052
-32.55987675897047 27.725989228074635
-34.62102070956911 27.79430244412234
-36.68216466016775 28.612886457567853
-38.74330861076639 24.440200364674325
-40.80445256136503 20.76849877734264
-42.86559651196367 19.39837056695525
-44.926740462562314 16.303215311858857
-46.987884413160955 13.430255042786934
-49.0490283637596 11.387294729003376
-51.11017231435824 10.775229849862544
-53.17131626495688 8.641893922617399
-55.23246021555552 7.0309777608101065
-57.29360416615416 7.453635659041065
-59.3547481167528 2.932147663926398
-61.415892067351436 3.5868044879725236
-63.47703601795008 5.395910657364407
-65.53817996854872 4.502943612593387
-67.59932391914735 4.157535081208518
-69.660467869746 5.362476076493267
-71.72161182034463 4.745570016669111
-73.78275577094328 3.7155687305581564
-75.84389972154193 4.000048720069994
-77.90504367214058 4.27777773721434
-79.96618762273921 3.4219204120678857
-82.02733157333785 0.65264683033652
-84.0884755239365 1.0153719019832954
-86.14961947453513 4.324108939971451
-88.21076342513378 1.9117593570147025
-90.27190737573241 2.133075755170206
-92.33305132633106 1.822850636179599
-94.3941952769297 2.113050156944576
-96.45533922752833 3.2650253768786364
-98.51648317812698 3.4222138394038133
-100.57762712872561 4.169920297924701
-102.63877107932426 3.2733940267960677
-104.69991502992289 -1.2663254766314544
-106.76105898052154 1.0623449817713495
-108.82220293112017 3.4236894080235194
-110.88334688171881 0.89152394855502
-112.94449083231746 2.095131295877312
-115.0056347829161 4.94991338333278
-117.06677873351475 2.5995895410025582
-119.12792268411339 2.6370371251370157
-121.18906663471203 3.19232068139633
-123.25021058531067 3.2494869871139986
-125.3113545359093 2.323300630858329
-127.37249848650795 1.388191205735973
-129.43364243710658 1.7675496664801114
-131.4947863877052 3.306905758243059
-133.55593033830388 0.7256170618890968
-135.61707428890253 2.598960243742134
-137.67821823950115 2.102203572653369
-139.7393621900998 2.392418869180749
-141.80050614069842 3.878439048313749
-143.8616500912971 1.7527309481286313
-145.9227940418957 2.6953904758266978
-147.98393799249436 -0.103838573210676
-150.04508194309298 1.2034209701801788
-152.10622589369163 1.1304230759867495
-154.16736984429028 2.653407937807463
-156.22851379488893 2.5790967745565845
-158.28965774548755 0.9191440328530279
-160.3508016960862 -0.5535658551146794
-162.41194564668484 1.1041743164277569
-164.4730895972835 1.7901919128118837
-166.5342335478821 1.8728316690110942
-168.59537749848076 1.8018531828650537
-170.65652144907938 2.1788804451221173
-172.71766539967805 2.130994675164923
-174.7788093502767 0.909824292487375
-176.83995330087532 2.2329826226814498
-178.90109725147397 1.978380579643851
-180.9622412020726 2.198722662856646
-183.02338515267127 2.590505896697329
-185.0845291032699 2.497428404317977
-187.14567305386853 3.58760930082991
-189.20681700446715 1.9150383709874168
-191.26796095506583 2.4271720016274076
-193.32910490566445 1.2000959119212968
-195.3902488562631 0.6998665480314616
-197.45139280686172 2.164269297049766
-199.51253675746037 2.8571209043584154
-201.57368070805902 0.32474614680205416
-203.63482465865766 1.883285922502947
-205.69596860925628 1.5053839386657406
-207.75711255985493 0.5992688748990246
-209.81825651045355 1.2766523590183234
-211.87940046105223 1.3749319215533073
-213.94054441165088 1.6077430369404535
-216.0016883622495 0.7683895144328615
-218.06283231284814 -0.08096537111524811
-220.12397626344676 2.057877643717095
-222.18512021404544 2.168944842408326
-224.24626416464406 1.66607493078523
-226.3074081152427 1.4502729975472008
-228.36855206584133 0.539011043115277
-230.42969601644 1.682652656291293
-232.49083996703862 1.1143270440763693
-234.55198391763727 2.0386872553654456
-236.6131278682359 0.8303044901750516
-238.67427181883454 1.6123769424568652
-240.7354157694332 2.87297663577794
-242.79655972003184 3.0773552664282224
-244.85770367063046 1.4924381384862389
-246.9188476212291 3.502398159969048
-248.97999157182772 4.006720318869636
-251.0411355224264 2.3926761218041808
-253.10227947302505 4.376842921004176
-255.16342342362367 4.89793311508873
