# BEGINHEADER
# This file contains data from the SALSA 2m radio telescope.
# DATE=2022-12-10T13:59:0049
# GLON and GLAT given in degrees
# GLON=34.80727065894047
# GLAT=0.20373032759599344
# DATA in two columns below. Col. 1 is velocity relative to LSR [km/s]. Col. 2 is uncalibrated antenna temperature [K].
# ENDHEADER
269.90195830888393 3.7635016563639527
267.84081435828534 6.655631179852104
265.7796704076867 6.360214113103103
263.718526457088 8.552877937069825
261.6573825064894 8.291170607483924
259.59623855589075 8.483934952988223
257.5350946052921 8.825738133823132
255.47395065469348 9.397138607995034
253.41280670409483 8.576543513176548
251.35166275349619 8.724652394327848
249.29051880289754 9.944006439544827
247.22937485229892 9.01234960289691
245.16823090170027 5.295109641458496
243.10708695110162 10.484223603589058
241.04594300050297 9.875811728850367
238.98479904990435 9.394156584409467
236.9236550993057 10.47914555989881
234.86251114870709 8.391425389254529
232.8013671981084 10.33521992318921
230.74022324750976 10.646231882552742
228.67907929691114 10.197462644948429
226.6179353463125 11.088850657416138
224.55679139571387 9.0136597977911
222.4956474451152 9.892540407084669
220.43450349451658 11.518297826700474
218.37335954391793 10.464866038451886
216.3122155933193 9.619086943760653
214.25107164272066 9.478127561095196
212.189927692122 10.846476903198623
210.12878374152336 8.648838840429084
208.06763979092474 10.940014912225653
206.0064958403261 9.853642600831806
203.94535188972745 9.964020135608724
201.8842079391288 10.024480785417998
199.82306398853018 10.713627065371282
197.76192003793156 10.582088141730694
195.7007760873329 10.359915570060792
193.63963213673426 10.708129648805732
191.57848818613564 9.915159569812301
189.517344235537 10.031021504734136
187.45620028493835 9.78271030844464
185.3950563343397 9.697195406897224
183.33391238374105 11.527821249990545
181.27276843314243 7.979245577947829
179.21162448254378 9.551101329411965
177.15048053194513 11.310641759303055
175.0893365813465 12.00111358055624
173.02819263074787 10.061891121252508
170.96704868014922 10.58388447476928
168.9059047295506 11.297038015990774
166.84476077895192 12.241662373780603
164.7836168283533 12.266257112444466
162.72247287775465 10.46929469981139
160.66132892715603 12.055832347221974
158.6001849765574 9.786227789474957
156.53904102595874 9.978807113521173
154.4778970753601 10.470234328133952
152.41675312476147 10.823499496232957
150.35560917416282 11.030831134365592
148.29446522356415 11.115547422875805
146.23332127296553 10.969389368190244
144.17217732236688 11.258059565727303
142.11103337176826 11.95480529168261
140.0498894211696 9.412024091999667
137.98874547057096 10.15889281985708
135.9276015199723 10.423370627726186
133.8664575693737 10.7036146639544
131.80531361877505 10.458287143111196
129.7441696681764 11.439453174446086
127.68302571757776 11.823062010190633
125.62188176697912 13.337308336813257
123.56073781638048 10.800009500976923
121.49959386578183 10.580152386358181
119.4384499151832 13.553988011207998
117.37730596458456 12.953464240861948
115.31616201398592 12.423969038394665
113.25501806338728 14.317356763004405
111.19387411278863 16.051382948544934
109.13273016219 18.006941784907617
107.07158621159135 20.567946267027434
105.01044226099272 22.776379741962668
102.94929831039408 23.064584332506172
100.88815435979544 24.87824659111858
98.8270104091968 28.216477022316955
96.76586645859815 30.894226334184975
94.70472250799952 34.17297843694992
92.64357855740086 37.493867454705814
90.58243460680222 39.83770390284115
88.52129065620359 41.870627466940036
86.46014670560494 41.90902677942639
84.39900275500631 43.4042095623466
82.33785880440766 45.48440256105478
80.27671485380903 45.83178751092455
78.21557090321038 46.679111838726456
76.15442695261174 45.84019752414441
74.09328300201311 45.03155819563919
72.03213905141446 43.704552001431864
69.97099510081583 44.80297344661478
67.90985115021718 43.68879667643269
65.84870719961854 46.42918085826606
63.7875632490199 49.35033835990022
61.726419298421256 51.668357869661676
59.665275347822615 54.36148473263118
57.60413139722397 59.962759271686984
55.54298744662534 63.93516460187018
53.4818434960267 63.5090626229742
51.42069954542806 65.90339023666972
49.35955559482941 63.16181922897239
47.29841164423077 64.0163579131303
45.23726769363213 65.3388153503343
43.176123743033486 69.49937201693186
41.114979792434845 71.05851631210108
39.053835841836204 70.4288536099797
36.99269189123756 69.36111037799209
34.93154794063892 69.21548406574568
32.87040399004028 73.02925105626113
30.80926003944164 71.40693441251969
28.748116088843 73.16145470249923
26.68697213824436 71.7479807901954
24.62582818764572 74.26876575315804
22.56468423704708 73.21155408839985
20.503540286448438 75.19518232129491
18.442396335849796 77.95357646340602
16.381252385251155 80.07093292241315
14.320108434652516 86.96116304002602
12.258964484053875 89.34491576097481
10.197820533455236 88.50196335133703
8.136676582856595 81.54953351651571
6.075532632257954 77.36214004221469
4.014388681659312 76.61556935034191
1.9532447310606718 69.15225944817104
-0.10789921953796884 58.064572629788856
-2.1690431701366095 43.18119726412969
-4.23018712073525 34.93626428544622
-6.29133107133389 27.059293563976652
-8.352475021932532 23.71736406886519
-10.413618972531173 21.429445257562403
-12.474762923129814 20.574207537548446
-14.535906873728456 20.83948370020815
-16.597050824327095 24.77339788050628
-18.65819477492574 25.047654146724696
-20.719338725524377 24.513372896179046
-22.780482676123018 24.1128765275984
-24.84162662672166 25.546560132083272
-26.902770577320297 27.39682492363226
-28.96391452791894 29.406542334387826
-31.025058478517582 27.964347971532632
-33.08620242911623 29.81080784998454
-35.14734637971487 29.652425961448422
-37.2084903303135 30.276982267516168
-39.26963428091214 27.274025250442236
-41.330778231510784 26.677437503617238
-43.391922182109425 26.87839153709397
-45.45306613270807 24.881376884681313
-47.51421008330671 24.882975492224535
-49.57535403390534 26.20866095892543
-51.63649798450399 24.654593891741193
-53.69764193510263 23.762600239545666
-55.758785885701265 20.364478092856096
-57.819929836299906 17.4616334725753
-59.88107378689855 15.309408426716386
-61.94221773749719 13.228686855831633
-64.00336168809584 12.585226397963112
-66.06450563869447 9.781650135637944
-68.12564958929312 9.997643223540464
-70.18679353989175 7.244614971136662
-72.2479374904904 6.56151297322175
-74.30908144108903 7.298670680314851
-76.37022539168767 6.8610989502492465
-78.43136934228632 5.313377403939719
-80.49251329288495 6.113657158819793
-82.5536572434836 4.802863405109912
-84.61480119408223 3.6118108975470955
-86.67594514468088 5.776416879136724
-88.73708909527952 4.163671626900239
-90.79823304587815 4.538126898517143
-92.8593769964768 5.079301881406306
-94.92052094707543 3.775908199598615
-96.98166489767408 2.7683335985662563
-99.04280884827271 3.0770426827211503
-101.10395279887138 4.310492359860508
-103.16509674947001 4.883417380106913
-105.22624070006864 2.3869243984697723
-107.28738465066729 3.1664274206791725
-109.34852860126593 4.18134270947232
-111.40967255186457 2.3228906574133776
-113.47081650246321 3.8806054741490716
-115.53196045306186 4.1582984932468054
-117.59310440366049 5.220358546820837
-119.65424835425912 3.0846849722456073
-121.71539230485777 2.962329959534815
-123.7765362554564 4.105823774123977
-125.83768020605505 3.3357598349315927
-127.89882415665369 2.173265008790181
-129.95996810725234 4.134498681055742
-132.02111205785096 3.779193275683524
-134.08225600844963 4.648138961677312
-136.14339995904825 3.2608776071975223
-138.2045439096469 4.364714034114674
-140.26568786024552 2.6806847227419275
-142.3268318108442 3.829975889973732
-144.38797576144282 5.371307206219372
-146.44911971204147 2.8521036778418027
-148.51026366264009 2.3274091133729953
-150.57140761323873 4.812334271860357
-152.63255156383738 4.102448087284886
-154.69369551443603 2.5268066308378776
-156.75483946503465 3.0291947613940757
-158.8159834156333 2.144327910027991
-160.87712736623195 2.3104223726320106
-162.9382713168306 2.2769656180379974
-164.99941526742924 2.80053150594194
-167.06055921802786 3.069886634134775
-169.1217031686265 2.971552127357294
-171.18284711922516 1.833562665156438
-173.2439910698238 1.5300109408150298
-175.30513502042243 3.2475085685796112
-177.36627897102107 2.671010800732048
-179.4274229216197 3.7667216133232473
-181.48856687221837 3.0135575478471197
-183.549710822817 1.3399941030066467
-185.61085477341564 1.1489604375619917
-187.67199872401426 2.167163524071522
-189.7331426746129 2.6536862381787283
-191.79428662521156 0.7522112645882659
-193.8554305758102 0.2678146164729273
-195.91657452640882 1.2226886864025392
-197.97771847700747 1.125797540412567
-200.03886242760615 1.4783807048883442
-202.10000637820477 2.9945760793327136
-204.16115032880344 0.615367229793373
-206.22229427940206 0.7894388955345825
-208.2834382300007 2.347311682617747
-210.34458218059933 1.6028012611883975
-212.405726131198 1.451776822837898
-214.46687008179663 2.08788422372527
-216.52801403239528 2.749434328897901
-218.5891579829939 0.44946985658875777
-220.65030193359254 2.0452948133222764
-222.7114458841912 2.7448026860022776
-224.77258983478984 1.8997069636717554
-226.83373378538846 1.7565554835486188
-228.8948777359871 1.4485360923754496
-230.95602168658573 1.9862435924203172
-233.0171656371844 2.767120002190119
-235.07830958778305 0.5384608998232016
-237.13945353838167 1.667557132864726
-239.20059748898032 1.97605557369093
-241.26174143957897 2.389561125858811
-243.32288539017762 1.089532604663059
-245.38402934077624 1.6305105630218044
-247.44517329137489 2.769719483801648
-249.5063172419735 2.853499452199564
-251.56746119257218 4.787522779710481
-253.6286051431708 4.103932962387505
-255.68974909376945 5.572553936628998
