# BEGINHEADER
# This file contains data from the SALSA 2m radio telescope.
# DATE=2022-12-10T13:37:0049
# GLON and GLAT given in degrees
# GLON=49.89181413496418
# GLAT=0.20093186910652194
# DATA in two columns below. Col. 1 is velocity relative to LSR [km/s]. Col. 2 is uncalibrated antenna temperature [K].
# ENDHEADER
268.8684155623753 2.2369042759367077
266.8072716117767 6.269151217997269
264.74612766117804 5.716768392618662
262.68498371057933 5.9931029774346865
260.62383975998074 5.486021938927659
258.5626958093821 7.319739285588143
256.50155185878344 6.146974487749336
254.4404079081848 7.62408222208223
252.37926395758618 8.138416939612595
250.31812000698753 5.886089600626338
248.25697605638888 18.606277821134675
246.19583210579023 -0.10867191306906515
244.1346881551916 -4.278728960960968
242.07354420459296 9.551144839584888
240.01240025399434 5.699415981241304
237.95125630339567 9.12826274086389
235.89011235279705 7.177902943087058
233.8289684021984 9.209653856516402
231.76782445159978 8.40141077517122
229.70668050100113 8.493272630881467
227.64553655040248 6.043320490252004
225.58439259980383 8.54697771383431
223.52324864920521 2.965545920660667
221.46210469860657 6.26473786591273
219.4009607480079 13.936293149830329
217.33981679740927 6.8405310326027005
215.27867284681062 8.47847687429949
213.217528896212 6.686934242239042
211.15638494561335 8.50399654224135
209.0952409950147 7.847044817112177
207.03409704441606 8.258342472940244
204.97295309381744 9.378777073336872
202.9118091432188 7.3872083557085855
200.85066519262017 7.7888541661947075
198.7895212420215 7.78861156208485
196.72837729142287 11.447382422738624
194.66723334082423 8.881040043436094
192.6060893902256 9.243292430294368
190.54494543962696 9.621249006356015
188.4838014890283 8.986413958655403
186.42265753842966 12.450748856279564
184.36151358783104 10.103803761814563
182.3003696372324 10.993055980388265
180.23922568663372 5.6724539306650215
178.1780817360351 6.218586261673543
176.11693778543645 10.5576125779686
174.05579383483783 9.555557582119585
171.99464988423918 9.111582920166953
169.93350593364053 9.039652403979503
167.87236198304188 11.495875523604928
165.81121803244326 9.094493432304196
163.75007408184462 9.963287875010494
161.688930131246 8.736969591075518
159.62778618064732 10.361892731699735
157.5666422300487 9.25112208391667
155.50549827945005 8.147242991913608
153.44435432885143 10.217968074381366
151.38321037825276 10.7276234568495
149.32206642765414 9.885863025012586
147.2609224770555 8.165375068011857
145.19977852645687 8.984776891324877
143.13863457585822 9.167154655467074
141.07749062525954 10.099090826926657
139.01634667466092 9.954382096753505
136.95520272406227 9.759518410917993
134.89405877346366 8.565300052645693
132.832914822865 11.138438892686628
130.77177087226636 9.732046613883302
128.7106269216677 10.673728728166266
126.64948297106909 9.190572701422765
124.58833902047044 8.621829731599991
122.52719506987181 10.432695023683268
120.46605111927316 8.789346940594656
118.40490716867451 8.720746246735285
116.34376321807588 10.041770043696207
114.28261926747723 6.332886629685163
112.2214753168786 7.694106097524507
110.16033136627995 10.956466785487756
108.09918741568131 8.959772442883844
106.03804346508268 10.40257524831933
103.97689951448403 8.481954687270008
101.9157555638854 9.985770922382958
99.85461161328675 8.77600022332111
97.79346766268813 9.134595965666868
95.73232371208948 9.19315945611332
93.67117976149085 9.90300976650259
91.6100358108922 11.375616388166689
89.54889186029357 11.24957046033085
87.48774790969492 11.906524192472524
85.42660395909628 10.519449848552494
83.36546000849765 11.544166788848738
81.30431605789899 12.901982315601531
79.24317210730035 16.48665924852936
77.1820281567017 18.5040873556838
75.12088420610307 19.918938765342542
73.05974025550444 22.27096957600824
70.99859630490579 27.588836032402643
68.93745235430715 36.41403685853327
66.8763084037085 44.031524494469345
64.81516445310987 53.58127636857322
62.75402050251123 60.730742068168034
60.69287655191259 68.51375580683948
58.63173260131395 71.25121249962547
56.57058865071531 77.69671317423158
54.50944470011667 79.57072593799192
52.448300749518026 83.1155812398266
50.387156798919385 85.52741078841225
48.32601284832074 81.99011740765307
46.264868897722096 80.76330866558855
44.203724947123455 79.50779648046174
42.14258099652481 75.09804310173149
40.08143704592618 71.46813212449932
38.02029309532754 65.09301025373047
35.9591491447289 60.325064763433
33.89800519413025 58.822924774631396
31.83686124353161 60.2165900669293
29.775717292932974 62.185398235258674
27.71457334233433 64.18478522446198
25.65342939173569 69.85589734736787
23.59228544113705 80.52103368309832
21.53114149053841 84.90771042898167
19.469997539939765 82.12309073813641
17.408853589341128 77.27814379806503
15.347709638742487 79.31221258028181
13.286565688143845 81.13578033041941
11.225421737545206 87.12471509317353
9.164277786946565 93.50985519619691
7.103133836347925 89.00857651579051
5.041989885749283 83.44046251488014
2.9808459351506422 78.5452934505277
0.9197019845520015 69.60716260552985
-1.1414419660466393 54.3838708575198
-3.20258591664528 41.12911732563685
-5.263729867243921 31.27646082506772
-7.324873817842561 26.381965038099004
-9.386017768441201 21.42626763868734
-11.447161719039842 19.642635348359207
-13.508305669638485 17.42906667774526
-15.569449620237124 17.64601584222613
-17.630593570835764 18.360474182061335
-19.69173752143441 16.010340672508274
-21.75288147203305 16.5687117710321
-23.814025422631687 18.079064467696217
-25.875169373230328 17.18381270578408
-27.93631332382897 19.4987345207318
-29.997457274427614 20.012120489951528
-32.05860122502625 23.238428738549878
-34.11974517562489 24.617433345507834
-36.18088912622353 25.99580261709043
-38.242033076822175 26.893223021931107
-40.303177027420816 26.16439581790157
-42.36432097801945 29.173032014730993
-44.4254649286181 31.969675469931467
-46.48660887921674 34.7418153941541
-48.54775282981538 34.24928816700914
-50.608896780414014 35.24423682977679
-52.670040731012655 35.80800024052012
-54.731184681611296 34.252561392445486
-56.79232863220994 33.03958116459362
-58.85347258280857 31.241869062674095
-60.91461653340721 26.637516391242492
-62.97576048400586 23.31870183155915
-65.0369044346045 23.325551716390653
-67.09804838520313 20.202124060633793
-69.15919233580178 17.64517684562119
-71.22033628640041 15.840309764797611
-73.28148023699907 13.911319875951975
-75.3426241875977 14.323136800670774
-77.40376813819636 11.980003169384842
-79.46491208879499 10.258509645467111
-81.52605603939362 9.083332410392163
-83.58719998999227 3.9320957696292527
-85.6483439405909 4.501955654853014
-87.70948789118955 5.081714285631114
-89.77063184178819 2.6499535612246183
-91.83177579238684 3.5785889424984347
-93.89291974298547 4.708498156327098
-95.9540636935841 4.0299309341635405
-98.01520764418275 4.1368069487373145
-100.0763515947814 1.6241921895797227
-102.13749554538003 3.8222804943500592
-104.19863949597868 3.4685401221986183
-106.25978344657732 -1.2114502304409702
-108.32092739717596 0.8095580250233241
-110.3820713477746 2.511081235975048
-112.44321529837326 1.374740116937746
-114.5043592489719 3.277706983390904
-116.56550319957053 4.8931309767816416
-118.62664715016918 2.1937537103982785
-120.68779110076781 3.584481653591822
-122.74893505136646 2.54582961563643
-124.8100790019651 3.348855392883556
-126.87122295256374 0.8012191727669423
-128.93236690316238 0.18328973802057041
-130.99351085376102 3.9080336494636025
-133.05465480435967 1.9733431018671386
-135.1157987549583 0.41071213787589633
-137.17694270555694 2.9177545117853394
-139.2380866561556 2.47630485430066
-141.29923060675424 2.520488957604717
-143.36037455735286 2.3515294767179094
-145.4215185079515 1.338125974586469
-147.48266245855012 2.2959455957328174
-149.5438064091488 2.240071468926885
-151.60495035974742 1.325531352572578
-153.66609431034607 1.3766834116745577
-155.7272382609447 2.5715222825162294
-157.78838221154334 1.5598592638590787
-159.84952616214198 2.1076558196851463
-161.91067011274063 2.113078558969423
-163.97181406333925 -0.3972592357292447
-166.0329580139379 2.2560794939021918
-168.09410196453658 2.341042142335402
-170.1552459151352 0.4979668693352469
-172.21638986573384 -0.17114971137729676
-174.27753381633246 1.885421963013668
-176.3386777669311 0.3674367802022197
-178.39982171752976 0.4910417576433147
-180.4609656681284 2.2173626528252495
-182.52210961872703 2.1401889132245335
-184.58325356932568 1.9886075149235998
-186.6443975199243 0.9506672182994601
-188.70554147052297 1.4156309467460266
-190.7666854211216 1.3900091412849922
-192.82782937172024 -0.82827341029608
-194.88897332231886 0.45191206298262654
-196.9501172729175 0.4651411329910735
-199.01126122351616 0.9503511948171918
-201.0724051741148 -1.3293638650921158
-203.13354912471343 0.451881423191314
-205.19469307531207 0.5245557268732484
-207.25583702591075 3.190389859456052
-209.31698097650937 0.3086802952000065
-211.37812492710802 0.13447510270256194
-213.43926887770664 2.0342280757609563
-215.5004128283053 0.4635287558247127
-217.56155677890393 1.3369086994497996
-219.62270072950258 -0.4865243814954417
-221.6838446801012 1.961891471041696
-223.74498863069985 3.737609217239863
-225.80613258129847 1.1908508466074386
-227.86727653189715 0.16346440288593586
-229.92842048249577 0.24042586045402797
-231.98956443309442 0.3369686619846026
-234.05070838369303 1.1779549661005813
-236.1118523342917 0.521341980177142
-238.17299628489033 -1.3693961073801644
-240.23414023548898 0.15838142899215663
-242.2952841860876 0.6663533429907337
-244.35642813668625 1.4844553250870776
-246.41757208728492 2.257939214447689
-248.47871603788354 1.4257968070090123
-250.5398599884822 2.946438846802015
-252.6010039390808 2.55098414427175
-254.66214788967946 1.9544355544518257
-256.72329184027814 3.8522594658104214
