# BEGINHEADER
# This file contains data from the SALSA 2m radio telescope.
# DATE=2022-12-10T13:10:0038
# GLON and GLAT given in degrees
# GLON=64.84994276759984
# GLAT=0.14392702118664774
# DATA in two columns below. Col. 1 is velocity relative to LSR [km/s]. Col. 2 is uncalibrated antenna temperature [K].
# ENDHEADER
267.56140305452175 0.5334168828689032
265.5002591039231 2.6855387877841563
263.43911515332445 5.161639154913893
261.37797120272586 3.654476608595536
259.3168272521272 5.247142457370559
257.25568330152856 6.974255724221347
255.19453935092992 6.909575216732537
253.13339540033127 6.899200025522829
251.07225144973265 7.356732147518772
249.011107499134 5.358852961868776
246.94996354853535 8.907266711486239
244.8888195979367 -3.0768781236793883
242.82767564733808 -7.988860377035841
240.76653169673943 8.684045174060266
238.7053877461408 3.584590131115941
236.64424379554214 8.590694308035868
234.5830998449435 6.6840229676179534
232.52195589434487 6.233822457763959
230.46081194374622 7.210945591312219
228.39966799314757 6.698397123522854
226.33852404254893 4.954195125426661
224.2773800919503 7.426674320716091
222.21623614135166 -1.1544658644659973
220.15509219075304 3.420646112253126
218.09394824015436 8.934942331860713
216.03280428955574 6.934797289000901
213.9716603389571 5.958222163085351
211.91051638835847 4.679936053127253
209.8493724377598 7.931610288822117
207.78822848716118 7.988875015347273
205.72708453656253 9.458513310452634
203.6659405859639 7.970800962597892
201.60479663536526 5.766493223576864
199.5436526847666 6.428317264151671
197.482508734168 8.251047610927062
195.42136478356937 6.774352796601781
193.36022083297073 7.82377399269122
191.29907688237205 9.621401624181003
189.23793293177343 6.945309285732858
187.17678898117478 7.225823031572437
185.11564503057616 7.572831223160612
183.05450107997748 7.214187358156753
180.99335712937886 9.190219698770507
178.93221317878022 3.699787606787306
176.8710692281816 1.0067603082873626
174.80992527758295 9.019279467879894
172.7487813269843 9.72257135731172
170.68763737638565 10.808853004912926
168.62649342578703 9.273519921574918
166.56534947518838 8.562147059194462
164.50420552458976 7.7533286250457865
162.4430615739911 9.67751781343776
160.38191762339247 9.94884832511507
158.32077367279382 8.993336242151246
156.2596297221952 6.277929836051905
154.19848577159652 8.857075594141715
152.13734182099788 9.745328753624472
150.07619787039926 7.0897090816714075
148.0150539198006 8.585708518486397
145.953909969202 8.163117303839092
143.8927660186033 7.6888356326202105
141.8316220680047 8.687365895249497
139.77047811740604 8.46119607799715
137.70933416680742 8.760981236598226
135.64819021620877 6.738746516690739
133.58704626561013 5.228576088914043
131.52590231501148 7.1309696959442075
129.46475836441286 10.53418080540263
127.4036144138142 9.83391651723404
125.34247046321556 8.530180220652415
123.28132651261693 8.829050421140337
121.22018256201828 8.992043850551664
119.15903861141965 10.13758140114535
117.097894660821 7.799906482327132
115.03675071022236 10.208897540702115
112.97560675962372 4.358615915775113
110.91446280902508 6.729972027842293
108.85331885842645 11.81296663187705
106.7921749078278 8.824044208000325
104.73103095722917 9.358784888939516
102.66988700663052 9.322904009588894
100.60874305603188 10.027981186060632
98.54759910543322 8.906915341746625
96.48645515483457 10.144093496868802
94.42531120423594 9.087356315827925
92.36416725363729 8.74772978804824
90.30302330303866 8.764423291144723
88.24187935244002 8.953691776848101
86.18073540184137 9.456204079952855
84.11959145124274 8.301949213156279
82.05844750064409 8.735015255077489
79.99730355004546 6.628720494678649
77.93615959944681 8.320272023587192
75.87501564884818 10.449435297027941
73.81387169824954 8.33339135243303
71.7527277476509 8.845173524563942
69.69158379705226 7.398984409197971
67.63043984645361 7.301793314836022
65.56929589585498 9.792358133305504
63.50815194525633 4.806801790278798
61.44700799465769 7.973648972507985
59.38586404405905 8.64722450487908
57.32472009346041 8.492693487689339
55.26357614286177 8.27213352231881
53.20243219226313 10.134118466331232
51.14128824166449 9.352890334131288
49.08014429106585 9.35570072969014
47.01900034046721 7.486959529833893
44.95785638986857 10.158703386473142
42.896712439269926 13.313975812573789
40.835568488671285 16.053580794069642
38.774424538072644 19.100409374706185
36.71328058747401 23.33134943916007
34.65213663687537 25.426666788343987
32.59099268627673 32.90330096770858
30.529848735678083 39.24508386329373
28.468704785079442 50.869863657160195
26.407560834480805 56.2424702766861
24.346416883882156 64.22064028868985
22.28527293328352 78.89086043097382
20.224128982684878 88.4938791235278
18.162985032086237 95.39928792048997
16.101841081487596 102.3116197929875
14.040697130888956 106.97047833227371
11.979553180290313 114.29724115751087
9.918409229691674 116.07983845998154
7.857265279093032 115.07561428171286
5.796121328494392 110.03639570825453
3.7349773778957505 96.97836719058122
1.6738334272971098 88.44649286674351
-0.38731052330153076 79.9071919752142
-2.448454473900172 68.1816980612158
-4.5095984244988125 60.20371811073419
-6.570742375097454 53.94215173297376
-8.631886325696094 49.08969860785558
-10.693030276294735 45.78232346187135
-12.754174226893376 43.91366430895433
-14.815318177492015 41.31153665794199
-16.876462128090658 36.11798211917585
-18.937606078689296 31.456175900623098
-20.998750029287937 29.027844004375698
-23.05989397988658 24.379242379283962
-25.12103793048522 21.92003600985452
-27.182181881083856 18.94377678216629
-29.243325831682498 16.82695056170952
-31.30446978228114 15.540341386351876
-33.36561373287978 16.473293218697492
-35.42675768347842 16.409625092735645
-37.48790163407706 15.253500000666829
-39.5490455846757 14.40569655329001
-41.610189535274344 15.35271017838993
-43.671333485872985 15.558261277730507
-45.73247743647162 18.426836984567984
-47.79362138707027 19.32519522178925
-49.854765337668915 21.08691453123615
-51.91590928826756 24.35728141891797
-53.9770532388662 28.07866451332479
-56.03819718946483 31.486343191898737
-58.09934114006347 35.629303012484776
-60.160485090662114 42.28789421632123
-62.221629041260755 40.043683816322904
-64.2827729918594 41.308339109863276
-66.34391694245804 47.762472578056624
-68.40506089305669 48.84383193716569
-70.46620484365532 47.076490723958415
-72.52734879425397 42.20178802241961
-74.5884927448526 37.04413181485761
-76.64963669545124 28.947219255272138
-78.71078064604988 25.980711154587183
-80.77192459664852 20.632818526850865
-82.83306854724717 17.0065569445415
-84.8942124978458 10.995632039475284
-86.95535644844445 10.752972081483442
-89.01650039904308 9.76375041919267
-91.07764434964172 9.53893149001645
-93.13878830024036 7.144122571443141
-95.19993225083901 8.92427879725802
-97.26107620143766 7.885084747888423
-99.32222015203628 6.134909046041628
-101.38336410263493 4.595076772782765
-103.44450805323356 5.092545810166852
-105.50565200383221 2.5474411469840126
-107.56679595443084 -0.02707506767328287
-109.62793990502949 4.939878632529104
-111.68908385562813 4.420145141957848
-113.75022780622676 2.201566215111521
-115.81137175682541 4.707997667876422
-117.87251570742404 2.636405895309196
-119.93365965802269 2.9346830005520315
-121.99480360862132 3.9020147689390514
-124.05594755921996 3.0675410363333966
-126.11709150981861 2.50718968269057
-128.17823546041726 0.43784878939459554
-130.2393794110159 0.8804549436925313
-132.30052336161452 5.4184277731535415
-134.36166731221317 3.919452623580045
-136.42281126281182 2.1169088970440715
-138.48395521341047 3.222126871603753
-140.5450991640091 3.04458699375662
-142.60624311460774 4.160186448371851
-144.66738706520636 3.6083735299958843
-146.72853101580503 5.486271456124032
-148.78967496640365 2.9890682263739814
-150.8508189170023 2.0502403592296097
-152.91196286760092 2.5266332343218987
-154.97310681819957 2.2140884897056483
-157.03425076879824 3.8511772973028515
-159.09539471939686 3.2131462815920884
-161.1565386699955 2.8182539430252014
-163.21768262059413 2.119926296238256
-165.2788265711928 2.3637377167672953
-167.33997052179143 1.8628138789736446
-169.40111447239008 3.063070122217577
-171.4622584229887 2.0060074839661968
-173.52340237358734 0.7333540166032207
-175.584546324186 1.0858374303116156
-177.64569027478464 3.0240584071428347
-179.70683422538326 2.411709722472228
-181.7679781759819 1.638210287339428
-183.82912212658053 1.8601161857666764
-185.8902660771792 0.6471379630784649
-187.95141002777783 0.8941592273824989
-190.01255397837647 0.48094633218071886
-192.0736979289751 1.2178631681171184
-194.13484187957374 0.9561048458465301
-196.19598583017242 1.0443174221377494
-198.25712978077107 2.8456562707706414
-200.31827373136971 1.6589594842215527
-202.37941768196833 1.5522970251013422
-204.44056163256698 1.280082981895472
-206.50170558316563 2.744221633399577
-208.56284953376428 2.029305899116277
-210.6239934843629 1.9491457033858413
-212.68513743496155 1.3274447996957583
-214.74628138556017 0.352219820261917
-216.80742533615884 -0.047611895331008125
-218.86856928675746 -0.12972186281927592
-220.9297132373561 0.5960921018072207
-222.99085718795473 1.9067854193182923
-225.05200113855338 2.55429621067531
-227.11314508915203 -0.671461173067905
-229.17428903975068 -0.047227030854169634
-231.23543299034932 1.142783486917984
-233.29657694094794 1.4107588211743196
-235.3577208915466 1.3391722604406173
-237.41886484214524 0.00414957293807013
-239.4800087927439 0.289603282428642
-241.5411527433425 0.22595207787064867
-243.60229669394116 -2.2441961314987307
-245.6634406445398 2.872432800769372
-247.72458459513845 0.9959897196444175
-249.78572854573707 0.2933044122909519
-251.84687249633572 0.6558258832755325
-253.90801644693434 2.86736549649302
-255.96916039753302 0.8262875291404489
-258.03030434813166 2.2137981616086835
