# BEGINHEADER
# This file contains data from the SALSA 2m radio telescope.
# DATE=2022-12-10T13:55:0011
# GLON and GLAT given in degrees
# GLON=39.82497411190499
# GLAT=0.19358192821815756
# DATA in two columns below. Col. 1 is velocity relative to LSR [km/s]. Col. 2 is uncalibrated antenna temperature [K].
# ENDHEADER
269.58641859517576 1.197676486413046
267.5252746445771 4.576781008160843
265.46413069397846 5.198464966397314
263.4029867433798 4.396451957289677
261.34184279278116 5.339201080393633
259.2806988421825 4.543485989868929
257.21955489158387 4.957667851404626
255.15841094098525 5.5002486031192825
253.09726699038663 6.746464511461103
251.03612303978798 2.7693349912887606
248.97497908918933 10.032173548286886
246.91383513859068 -6.944013554083935
244.85269118799206 -12.321156978634942
242.79154723739342 7.313997141013394
240.7304032867948 3.889525410731569
238.66925933619612 5.584153402124768
236.6081153855975 2.920228902196483
234.54697143499885 5.6989266601237505
232.48582748440023 5.522213402933352
230.42468353380158 6.4887092844271335
228.36353958320294 4.340951711791831
226.3023956326043 5.148278468781668
224.24125168200564 -1.4409008523965308
222.18010773140702 0.8022557073842143
220.11896378080834 6.454959038052504
218.05781983020972 3.711700596912133
215.99667587961108 4.134824210630356
213.93553192901246 4.090360150669611
211.8743879784138 5.159404443648076
209.81324402781516 6.5973709488116885
207.7521000772165 6.952360143456598
205.6909561266179 7.364000306968667
203.62981217601924 6.72681389781136
201.56866822542062 3.4324453562607355
199.50752427482195 5.808934261202112
197.44638032422333 7.833841174613001
195.38523637362468 7.503483933681979
193.32409242302606 6.2191533150459595
191.26294847242738 5.4741913136064415
189.20180452182873 7.639833199761928
187.14066057123011 7.646404156384919
185.07951662063147 7.074401351548625
183.01837267003285 9.472239323057924
180.95722871943417 3.5414499013712617
178.89608476883555 2.63288825814419
176.8349408182369 8.156078065599978
174.77379686763828 7.2943653229505045
172.71265291703963 8.44807936678237
170.65150896644099 6.6219643269777935
168.59036501584234 8.070814308402474
166.52922106524372 8.89547424084161
164.46807711464507 7.3385666352273695
162.40693316404642 7.101061657105994
160.34578921344777 6.086866267078553
158.28464526284915 5.2104196373907
156.2235013122505 6.733671459242784
154.16235736165189 7.918971569486516
152.1012134110532 8.976346308174879
150.04006946045456 8.14899531489784
147.97892550985594 7.405033325186568
145.9177815592573 7.5686475882245645
143.85663760865867 8.2939376813621
141.79549365806 8.182596026030055
139.73434970746138 9.236916388176567
137.67320575686273 4.818466127286928
135.6120618062641 3.269979645221352
133.55091785566546 7.07451157664394
131.4897739050668 7.083756251014068
129.42862995446816 8.89724694044371
127.36748600386953 6.5869727742155675
125.30634205327088 7.705208883015001
123.24519810267225 8.301118027132627
121.1840541520736 8.3845907406313
119.12291020147497 8.633923420554567
117.06176625087633 8.82258620085098
115.00062230027768 5.079737175043757
112.93947834967905 6.30866428262516
110.8783343990804 10.549971429978372
108.81719044848177 8.82184447817053
106.75604649788312 11.24309582046351
104.69490254728449 10.20675189076954
102.63375859668585 11.706244657383632
100.5726146460872 11.008163765945742
98.51147069548855 13.300305012965017
96.45032674488992 13.658231770153453
94.38918279429127 13.743598673470684
92.32803884369262 15.35919138878544
90.26689489309398 18.99880863093981
88.20575094249534 23.620048859179462
86.1446069918967 24.481566562921248
84.08346304129806 29.112372899875
82.02231909069943 35.19215636054947
79.96117514010078 36.77074686234445
77.90003118950214 41.57341048556943
75.8388872389035 44.64480469147983
73.77774328830486 47.483986207564186
71.71659933770623 51.17159346290148
69.65545538710758 53.12335737500572
67.59431143650895 59.38303038461303
65.5331674859103 60.80424721416262
63.472023535311656 64.57418537060452
61.410879584713015 64.2542896054266
59.349735634114374 66.16021961889139
57.28859168351573 66.63979196287677
55.22744773291709 66.77260943062528
53.16630378231845 65.08039228136121
51.10515983171982 63.21751104882885
49.044015881121176 55.424397214439956
46.982871930522535 57.1205421745489
44.921727979923894 65.09102399656241
42.860584029325246 66.85126168477278
40.799440078726604 71.18461401771911
38.73829612812796 74.97398776391348
36.67715217752933 80.36699646448477
34.61600822693069 83.43293962837862
32.55486427633205 85.16018820290762
30.493720325733406 83.98598117679778
28.43257637513476 79.59439831637987
26.371432424536124 70.52678958384779
24.310288473937483 74.84165204085953
22.249144523338842 74.80588503937996
20.188000572740197 71.88392996887569
18.12685662214156 70.88693161815
16.06571267154292 73.73522407458425
14.00456872094428 76.42079786204566
11.943424770345636 80.22175650809778
9.882280819746997 81.88232688780819
7.821136869148356 81.22638583340982
5.759992918549716 75.66779114368917
3.6988489679510748 71.9222899719752
1.6377050173524346 63.09582722413826
-0.4234389332462065 50.36355025777069
-2.484582883844847 37.56238737323463
-4.545726834443488 28.367768536607272
-6.60687078504213 21.282547548042196
-8.66801473564077 19.266940698282138
-10.72915868623941 18.35426727241995
-12.790302636838053 17.22339618811485
-14.851446587436692 17.592830863430486
-16.91259053803533 17.209661064507618
-18.973734488633976 17.966167501573228
-21.034878439232617 19.53183509512346
-23.096022389831255 19.777220249166664
-25.157166340429896 24.797987892691683
-27.218310291028537 25.150347890958578
-29.279454241627178 28.985157562143435
-31.34059819222582 31.60361213742735
-33.40174214282446 32.72212970011359
-35.4628860934231 35.43275738674507
-37.52403004402174 34.50078266616356
-39.585173994620384 29.007537806150996
-41.646317945219025 30.357446681157583
-43.707461895817666 30.77568782006362
-45.7686058464163 30.165346931921793
-47.82974979701494 30.076499947499236
-49.89089374761358 29.42344791298898
-51.95203769821222 28.258091826029364
-54.01318164881087 28.441221769923366
-56.07432559940951 25.527385501651523
-58.13546955000815 25.822966857704387
-60.19661350060679 18.350211546797127
-62.25775745120543 13.315502590674663
-64.31890140180407 15.135690280693753
-66.38004535240272 12.171055330100053
-68.44118930300135 8.32291842795954
-70.5023332536 8.191347607032323
-72.56347720419863 5.825537943541804
-74.62462115479728 6.656927205394848
-76.68576510539592 5.329765310454182
-78.74690905599456 4.484807866373822
-80.8080530065932 2.958638314954916
-82.86919695719183 -2.006156088454322
-84.93034090779048 -1.3475460569357598
-86.99148485838911 2.023518486603658
-89.05262880898776 2.088839220987813
-91.1137727595864 1.4383836904555325
-93.17491671018504 1.452611501459617
-95.23606066078368 1.0785696478249023
-97.29720461138231 3.190050978344169
-99.35834856198095 2.0037782857764266
-101.41949251257958 1.653697068071707
-103.48063646317824 0.41274585225857663
-105.54178041377688 -5.310365686911229
-107.60292436437553 1.2302238424212348
-109.66406831497416 0.7618356189913462
-111.72521226557281 1.5531160314800698
-113.78635621617144 2.369105576059165
-115.84750016677008 1.579968835624421
-117.90864411736872 1.1031869746378076
-119.96978806796736 0.138211402269351
-122.030932018566 1.729186981735618
-124.09207596916464 2.916612557113331
-126.15321991976329 -0.5060873774437485
-128.21436387036192 -1.390735125276629
-130.27550782096057 1.5464277879862345
-132.33665177155922 2.058146099603917
-134.39779572215784 0.8273513905971496
-136.4589396727565 1.2468390441483614
-138.52008362335513 0.7756821300169834
-140.58122757395378 -1.1538328087118108
-142.6423715245524 0.40975858833163903
-144.70351547515105 0.5464960222014985
-146.76465942574967 -0.5927932424533973
-148.82580337634835 -1.5670651151964103
-150.88694732694697 3.1734685761957513
-152.94809127754561 1.8110133430782183
-155.00923522814423 0.5646017049816113
-157.07037917874288 -0.00615278577051031
-159.13152312934156 0.7770660313238054
-161.19266707994018 0.4196386442111275
-163.25381103053883 -0.7244798036023158
-165.31495498113745 0.737429390164702
-167.37609893173612 0.7321372446696839
-169.43724288233474 -0.6345506483974201
-171.4983868329334 -0.4210309048018687
-173.559530783532 0.9364147210631918
-175.62067473413066 1.9411747241780455
-177.6818186847293 -0.03647631943146308
-179.74296263532796 1.3665746753874088
-181.80410658592658 1.181123960313256
-183.86525053652522 1.690709916325345
-185.92639448712384 0.663626476412304
-187.98753843772252 0.6830218955021462
-190.04868238832114 1.6140755914738607
-192.1098263389198 -0.5027693507999321
-194.1709702895184 -0.012965285545461183
-196.23211424011708 0.3153227811187817
-198.29325819071573 -0.16021504760010635
-200.35440214131435 0.9408434389628124
-202.415546091913 0.8756549667168657
-204.47669004251162 2.26909669782926
-206.5378339931103 1.1460549443793102
-208.59897794370892 -0.46479323736013894
-210.66012189430757 0.3267790779065872
-212.72126584490618 0.4839644856004312
-214.78240979550483 -0.0747403802311744
-216.84355374610348 0.6764880863547381
-218.90469769670213 -1.126130620676226
-220.96584164730075 0.33124747010501815
-223.0269855978994 1.4127850221712615
-225.08812954849805 0.01922599904687777
-227.1492734990967 -0.3113564522324723
-229.2104174496953 -0.19774010957892202
-231.27156140029396 1.011193199986478
-233.33270535089258 0.8617027521119313
-235.39384930149126 0.5256988703537934
-237.4549932520899 -1.2097515865357242
-239.51613720268853 0.619909402842173
-241.57728115328717 1.6306000212180267
-243.6384251038858 0.3128560132344511
-245.69956905448447 1.658933681098043
-247.7607130050831 -0.06926120908295605
-249.82185695568174 1.7556907055446882
-251.88300090628036 2.170272926392969
-253.944144856879 1.722461831653125
-256.00528880747765 2.8595240334962995
