# BEGINHEADER
# This file contains data from the SALSA 2m radio telescope.
# DATE=2022-12-10T13:03:0035
# GLON and GLAT given in degrees
# GLON=74.86173988065471
# GLAT=0.12781697535923414
# DATA in two columns below. Col. 1 is velocity relative to LSR [km/s]. Col. 2 is uncalibrated antenna temperature [K].
# ENDHEADER
266.60498953135345 -6.213080115896109
264.54384558075486 -22.321449665309498
262.4827016301562 -12.639109521244983
260.42155767955757 -15.297717921518226
258.3604137289589 -14.752908002551175
256.2992697783603 -15.8035741742376
254.23812582776162 -16.342144396531165
252.176981877163 -19.337066823638366
250.11583792656435 -13.143726849667862
248.05469397596573 -25.125014792844063
245.99355002536709 -9.46011857351633
243.93240607476844 -68.65010669598341
241.8712621241698 -83.31743909412347
239.81011817357117 -12.666716908036424
237.74897422297252 -32.59566290919489
235.6878302723739 -20.351733019470228
233.62668632177522 -23.418184613441205
231.5655423711766 -21.67793092917096
229.50439842057796 -24.89712699237241
227.44325446997934 -21.41012886446527
225.3821105193807 -29.43248300125236
223.32096656878204 -20.04604348511303
221.2598226181834 -45.8307523951366
219.19867866758477 -35.401737116393
217.13753471698612 -17.061545701072586
215.07639076638745 -25.322835584297355
213.01524681578883 -22.856694020415574
210.95410286519018 -26.128907865513465
208.89295891459156 -19.40537583611313
206.8318149639929 -16.75302353599841
204.77067101339426 -15.08471481953828
202.70952706279562 -16.48775487869851
200.648383112197 -14.256788528417673
198.58723916159835 -16.334035793609416
196.5260952109997 -13.527207465452449
194.46495126040105 -10.891679772598097
192.4038073098024 -12.933061187377943
190.34266335920375 -11.193064080424818
188.28151940860513 -12.134917043623766
186.2203754580065 -14.461868727637466
184.15923150740784 -10.68880354416251
182.0980875568092 -11.353928461186326
180.03694360621054 -6.863716106081413
177.97579965561192 -20.626571764544554
175.91465570501327 -23.294109337346946
173.85351175441463 -6.603042459530094
171.79236780381598 -6.852382479470739
169.73122385321736 -3.8010530458053324
167.6700799026187 -6.460617108944192
165.6089359520201 -7.335029186033316
163.5477920014214 -6.627909629800781
161.4866480508228 -6.17277324420083
159.42550410022415 -6.380512535249053
157.36436014962553 -5.967548192886282
155.30321619902688 -9.8403603180598
153.24207224842823 -9.400742905463128
151.18092829782958 -6.034499963792271
149.11978434723096 -4.893334982501198
147.0586403966323 -6.001279025231591
144.99749644603367 -8.37454284105552
142.93635249543502 -7.775348294659023
140.87520854483637 -3.816431531380942
138.81406459423775 -4.21147458222896
136.7529206436391 -0.17140203198720733
134.69177669304045 -10.939264241818606
132.6306327424418 -23.77823013088293
130.56948879184318 -6.165163680373252
128.50834484124454 -2.9977241078086836
126.4472008906459 -1.5564734182833215
124.38605694004727 -4.439823966200505
122.3249129894486 -5.427716536917904
120.26376903884997 -5.9720782955108636
118.20262508825132 -3.1542559592003707
116.14148113765269 -6.584531587814454
114.08033718705406 -1.8586426189090053
112.01919323645541 -26.64252106239495
109.95804928585677 -22.54815605687636
107.89690533525813 -3.064622853979209
105.83576138465949 -4.291053071185452
103.77461743406084 0.258978117738078
101.71347348346221 -6.796361266785084
99.65232953286358 -2.025043146874626
97.59118558226493 -5.164311672089271
95.5300416316663 -2.408713976427948
93.46889768106765 -1.5235881887994647
91.40775373046901 -4.6552430748080535
89.34660977987036 -11.214770827605564
87.28546582927173 -5.773666967475148
85.2243218786731 -4.8680306796844075
83.16317792807443 -4.40159105587348
81.1020339774758 -6.5192747051532445
79.04089002687715 -4.277787678095575
76.97974607627852 -4.410375373233635
74.91860212567987 -3.479532757614938
72.85745817508123 -4.66969409107758
70.7963142244826 -3.083937310721816
68.73517027388395 -9.793747701914992
66.67402632328532 -10.954112610335814
64.61288237268668 -1.8212630866388133
62.551738422088036 -6.277003430827047
60.490594471489395 -7.503313319113877
58.429450520890754 -8.882189908219472
56.36830657029211 -7.124288636514099
54.307162619693464 -4.276028561819949
52.24601866909482 -4.491527856850307
50.18487471849619 -7.1628161632413745
48.123730767897555 -3.1930849749501005
46.062586817298914 -29.725483097610198
44.00144286670027 -21.326365199272736
41.94029891610163 -1.6577605084802878
39.87915496550299 -5.301605313170203
37.81801101490435 -4.007338524187331
35.75686706430571 -5.089321848510255
33.69572311370707 -4.566516057509869
31.634579163108427 -1.8993762901034559
29.573435212509786 1.6404070552736352
27.512291261911145 1.1915197234603065
25.451147311312504 -3.1924265657368367
23.390003360713866 -20.64051802418034
21.328859410115225 10.974028182870917
19.26771545951658 24.97513455434368
17.206571508917943 36.52129234947668
15.145427558319302 52.63751744529561
13.084283607720659 68.21150260597177
11.023139657122018 84.30118944259453
8.961995706523378 100.7541622395783
6.900851755924736 107.79977341485005
4.839707805326097 111.90945030201163
2.7785638547274556 93.10295687272087
0.717419904128815 93.033432779091
-1.343724046469826 102.93476599146472
-3.4048679970684668 96.24657328652813
-5.466011947667107 82.55966651524434
-7.527155898265749 68.52306140407545
-9.58829984886439 59.58481622923185
-11.64944379946303 48.121548136154594
-13.71058775006167 43.91958780539265
-15.77173170066031 35.8057098010133
-17.83287565125895 31.553722375860115
-19.894019601857593 29.69117836360244
-21.955163552456234 28.2586411959934
-24.016307503054872 29.496503006673795
-26.077451453653513 30.38161347714266
-28.138595404252158 29.098774100693618
-30.1997393548508 23.937678804366314
-32.26088330544943 18.37807780450384
-34.322027256048074 23.517910926479324
-36.383171206646715 19.60699138248694
-38.444315157245356 16.15585487090957
-40.505459107844 7.616006445442475
-42.566603058442645 -3.1230043813832746
-44.627747009041286 6.335506780867954
-46.68889095963993 12.530662581407137
-48.75003491023856 10.374719390809814
-50.81117886083721 10.586835081548186
-52.87232281143585 6.766558146247907
-54.93346676203449 12.025897772609367
-56.99461071263313 18.051454433194323
-59.05575466323177 19.354056927035113
-61.11689861383041 20.688332796404605
-63.178042564429056 -3.006436339925978
-65.2391865150277 -5.708545320679971
-67.30033046562633 22.449555312049203
-69.36147441622497 28.790328167848042
-71.42261836682363 28.108061917464454
-73.48376231742226 27.600898561432707
-75.54490626802091 26.23796275771957
-77.60605021861954 25.328477691668084
-79.66719416921818 22.010394779802493
-81.72833811981683 19.47552069102524
-83.78948207041546 6.600509056534801
-85.85062602101411 -26.193375982822772
-87.91176997161274 -16.114165877113244
-89.97291392221139 2.124368164533242
-92.03405787281002 -3.348537167371591
-94.09520182340866 -4.2578772506198925
-96.1563457740073 -6.805708952530304
-98.21748972460594 -8.15023606125491
-100.27863367520459 -8.14816502365339
-102.33977762580322 -8.418781396616403
-104.40092157640187 -6.114579152264336
-106.4620655270005 -17.912435439471285
-108.52320947759914 -39.44654736124434
-110.5843534281978 -11.033773002978988
-112.64549737879643 -8.669983505301715
-114.70664132939508 -10.501265487534413
-116.76778527999372 -10.610401232109904
-118.82892923059237 -8.956869808414156
-120.890073181191 -10.365412336678332
-122.95121713178963 -8.367046543359734
-125.01236108238828 -10.791093729562082
-127.07350503298692 -8.231548658034114
-129.13464898358558 -26.690315588788007
-131.1957929341842 -24.44159919992808
-133.25693688478285 -6.790881659180304
-135.31808083538147 -11.657293631437724
-137.37922478598014 -9.01114243545448
-139.44036873657876 -10.301897136679226
-141.5015126871774 -7.881356766782773
-143.56265663777603 -10.536548808255334
-145.6238005883747 -7.28226547934085
-147.68494453897333 -8.341277536410896
-149.74608848957197 -11.76511100709935
-151.8072324401706 -24.226636234244744
-153.86837639076924 -11.460050854724637
-155.9295203413679 -8.586187621975604
-157.99066429196654 -8.10120847089815
-160.05180824256516 -8.912927109642952
-162.1129521931638 -8.134372073195253
-164.17409614376243 -9.360686856334965
-166.2352400943611 -6.480914032504429
-168.29638404495975 -8.197195944701361
-170.35752799555837 -4.867208111847453
-172.41867194615702 -11.370020651971325
-174.47981589675567 -15.212039163312925
-176.54095984735432 -5.720446297448972
-178.60210379795294 -7.889170974968768
-180.66324774855158 -5.770757338679029
-182.7243916991502 -8.646001915073262
-184.78553564974888 -8.363684878602726
-186.8466796003475 -7.148916224505592
-188.90782355094615 -6.96773889177884
-190.96896750154477 -7.255648191193262
-193.03011145214342 -6.737715077536392
-195.09125540274206 -9.559134515042754
-197.1523993533407 -7.025983617473378
-199.2135433039393 -5.741049242356145
-201.27468725453798 -5.277286598473352
-203.3358312051366 -6.97227391926317
-205.39697515573525 -7.570056314777002
-207.45811910633387 -5.987387281285742
-209.51926305693252 -4.862210793371085
-211.5804070075312 -5.729702969514453
-213.6415509581298 -5.743474045772688
-215.70269490872846 -6.162010761939144
-217.76383885932708 -7.418360090707935
-219.82498280992573 -7.057441199114532
-221.88612676052438 -7.470845775633339
-223.94727071112302 -5.16943533679231
-226.00841466172164 -6.2455859485276966
-228.0695586123203 -5.612364087888152
-230.13070256291894 -5.994508759229481
-232.1918465135176 -7.3788196042829535
-234.2529904641162 -6.782465917053884
-236.31413441471486 -5.902911255594693
-238.37527836531348 -6.473068433650691
-240.43642231591215 -11.949131320848235
-242.49756626651077 -7.797015305273864
-244.55871021710942 -7.3356472038164835
-246.61985416770804 -6.729034481094377
-248.6809981183067 -5.556445164515442
-250.74214206890537 -9.013921641378019
-252.803286019504 -8.78002443445851
-254.86442997010263 -9.890507759068393
-256.92557392070125 -10.29194136921976
-258.9867178712999 -11.14748063583204
