# BEGINHEADER
# This file contains data from the SALSA 2m radio telescope.
# DATE=2022-12-10T14:03:0033
# GLON and GLAT given in degrees
# GLON=29.81458984188773
# GLAT=0.20556072478463622
# DATA in two columns below. Col. 1 is velocity relative to LSR [km/s]. Col. 2 is uncalibrated antenna temperature [K].
# ENDHEADER
270.1749105469741 1.7170332279568716
268.11376659637546 3.3046668822344736
266.05262264577686 3.2604571301696432
263.99147869517816 4.178378327462328
261.93033474457957 6.083867746207493
259.8691907939809 4.793210773081047
257.8080468433823 6.129667641361658
255.74690289278365 4.138907091359587
253.68575894218498 6.498341481869659
251.62461499158633 1.3149877827291976
249.5634710409877 12.228587293685965
247.50232709038906 -16.187234955722676
245.4411831397904 -24.552358434893492
243.38003918919176 8.67756335324834
241.31889523859314 0.5211902707541991
239.2577512879945 6.402640338843025
237.19660733739587 3.0798666064300875
235.1354633867972 4.074842269700867
233.07431943619858 3.3556452399535615
231.01317548559993 4.550449061404499
228.9520315350013 1.2458924698620724
226.89088758440266 5.7127371624097005
224.82974363380401 -7.578758834967974
222.76859968320537 -3.8120058796071024
220.70745573260675 6.36848585196673
218.6463117820081 4.397971209379731
216.58516783140945 3.876291658363944
214.5240238808108 3.198323022441046
212.46287993021215 6.616700238918012
210.40173597961353 6.179878243181728
208.34059202901489 8.0210229308827
206.27944807841624 5.759301642944993
204.2183041278176 7.370511367701901
202.15716017721897 4.48765933155955
200.09601622662032 6.26829954247901
198.03487227602167 8.338821948013921
195.97372832542302 6.95044568129049
193.91258437482438 8.140178346207367
191.85144042422573 6.189969438492187
189.7902964736271 6.356283081278195
187.72915252302846 6.965682763646099
185.66800857242984 7.447414924373094
183.60686462183116 10.753466032219004
181.54572067123254 5.0890007182731445
179.4845767206339 4.100426011160298
177.42343277003528 8.719722990574967
175.3622888194366 8.553324580183736
173.30114486883795 12.153598030294788
171.24000091823933 9.449785367653082
169.17885696764068 9.518042737059293
167.11771301704206 9.231896639417087
165.0565690664434 11.279603579020224
162.99542511584477 10.330685271354099
160.93428116524612 8.52268339292187
158.8731372146475 6.598424120875718
156.81199326404885 7.5143613590257825
154.7508493134502 9.734897669186463
152.68970536285156 10.555012867366893
150.62856141225294 9.076738004291464
148.5674174616543 8.785400894557169
146.50627351105564 8.963285851195552
144.445129560457 9.584640129295002
142.38398560985837 9.566745066616939
140.32284165925972 9.400647841752965
138.2616977086611 7.926546104553462
136.20055375806243 4.401842593970092
134.13940980746378 11.417954973967953
132.07826585686516 11.621261178928842
130.0171219062665 9.988499117201263
127.95597795566788 11.369800807992888
125.89483400506924 10.531016390252928
123.8336900544706 11.440739702281931
121.77254610387196 15.002450587233536
119.7114021532733 13.690218517481448
117.65025820267466 15.32612236808757
115.58911425207603 10.733307988373637
113.52797030147738 16.24932408763286
111.46682635087875 23.040906479140737
109.4056824002801 27.474177361168344
107.34453844968147 32.95042806565498
105.28339449908282 34.03749497113806
103.22225054848418 37.78360618230796
101.16110659788555 39.62122558753379
99.0999626472869 43.19837454263845
97.03881869668828 44.17826843622076
94.97767474608963 45.536054284625074
92.916530795491 43.57122919420997
90.85538684489235 47.942917049155774
88.79424289429372 49.97602918183443
86.73309894369507 48.34930519543071
84.67195499309643 49.919045594146745
82.6108110424978 47.536890347066
80.54966709189915 49.30565369474816
78.4885231413005 50.54291063676536
76.42737919070186 48.626906771569274
74.36623524010322 48.56649378038887
72.30509128950457 48.222836904367476
70.24394733890594 46.51334455538899
68.1828033883073 47.2417646516346
66.12165943770866 45.98698260952221
64.06051548711002 44.48844074002474
61.99937153651138 44.13726761839617
59.93822758591274 45.54260230372206
57.8770836353141 44.46315496616876
55.81593968471546 46.47477713268508
53.75479573411682 48.20051068915326
51.69365178351818 52.05507029902535
49.63250783291953 42.365830743698965
47.57136388232089 49.51685346683953
45.51021993172225 55.578697829093564
43.449075981123606 56.249820802801985
41.387932030524965 53.58095265627722
39.326788079926324 53.0492108474255
37.26564412932769 52.6701186754505
35.20450017872905 54.01097292507759
33.14335622813041 56.035987122840105
31.082212277531763 57.64936578134433
29.021068326933122 59.747096456296994
26.95992437633448 61.10261819706799
24.89878042573584 72.03079305335582
22.8376364751372 77.71260056786792
20.77649252453856 78.56972782257829
18.71534857393992 78.39168302038773
16.654204623341275 80.2889542801935
14.593060672742636 86.2327367079226
12.531916722143997 85.51986441854565
10.470772771545358 83.24901242557999
8.409628820946716 75.5902138644438
6.3484848703480745 72.28184510965276
4.287340919749434 75.66395301324481
2.2261969691507932 78.93701798784971
0.1650530185521524 71.3121770008634
-1.8960909320464883 57.73713738387544
-3.9572348826451296 41.651841510330385
-6.01837883324377 33.33157092791148
-8.07952278384241 28.553938557980715
-10.140666734441051 26.953478205906233
-12.20181068503969 27.62684499717032
-14.262954635638335 28.583381851090365
-16.324098586236975 28.42135924998455
-18.385242536835616 27.50778342992655
-20.446386487434253 29.12092383757304
-22.507530438032898 28.848117721376077
-24.56867438863154 29.54277189323717
-26.62981833923018 28.40712320958873
-28.690962289828818 28.86502320665213
-30.75210624042746 30.438375471148284
-32.8132501910261 31.27695974507691
-34.87439414162474 31.61390645954445
-36.93553809222338 31.079976984268008
-38.99668204282202 25.148113810615765
-41.057825993420664 30.15230788867611
-43.118969944019305 28.100462243521527
-45.18011389461794 25.900733577948515
-47.24125784521659 22.94693175056789
-49.30240179581523 21.25287329139878
-51.36354574641386 16.534436695763784
-53.424689697012504 14.29994093437848
-55.485833647611145 11.630141035298148
-57.546977598209786 9.104738868760052
-59.60812154880843 3.9894714527693615
-61.66926549940706 2.6160029685746897
-63.7304094500057 8.176060407671404
-65.79155340060434 7.804624949925286
-67.85269735120299 6.69119358865942
-69.91384130180163 4.338514849540741
-71.97498525240026 5.769473806484019
-74.03612920299891 4.742221521807699
-76.09727315359756 3.5077662365269933
-78.1584171041962 5.415226358827764
-80.21956105479484 3.4073337265868884
-82.28070500539347 -2.2066214934688007
-84.34184895599212 1.1789986522731652
-86.40299290659075 5.63391392212722
-88.4641368571894 4.143842774810324
-90.52528080778804 3.8620540224560473
-92.58642475838668 4.50121870349018
-94.64756870898532 2.2412687959109623
-96.70871265958395 3.7820400310286333
-98.7698566101826 4.483076915952295
-100.83100056078125 4.712693722287751
-102.89214451137988 2.544675318545145
-104.95328846197853 -3.802630066283222
-107.01443241257716 2.990127682700571
-109.07557636317581 5.426756775518614
-111.13672031377445 2.6734525621465934
-113.19786426437311 4.029461283351312
-115.25900821497174 4.449616070726639
-117.32015216557038 4.350030350495581
-119.38129611616903 3.176935039372664
-121.44244006676766 3.1113851901526806
-123.50358401736631 4.677876432939434
-125.56472796796494 0.3558401717253518
-127.62587191856359 0.7140540451027421
-129.68701586916222 4.566738582431762
-131.74815981976084 2.766108332958365
-133.8093037703595 4.496443666093952
-135.87044772095817 4.257777947657749
-137.9315916715568 3.4578138888905126
-139.99273562215544 3.1195291890897803
-142.05387957275406 4.423248417215415
-144.11502352335273 4.53636744970533
-146.17616747395135 2.5463691137618336
-148.23731142455 2.771113671500636
-150.29845537514862 2.3181295501648114
-152.35959932574727 3.5774703348832206
-154.42074327634592 2.7769921147664367
-156.48188722694456 4.648885415764884
-158.54303117754318 4.468576463621006
-160.60417512814183 4.325612373075776
-162.66531907874045 3.101518326924953
-164.72646302933913 3.979926839735646
-166.78760697993775 4.360434530431752
-168.8487509305364 2.6710553549521174
-170.90989488113502 2.530676331565328
-172.97103883173367 2.3324854650613522
-175.03218278233234 3.8318355645266124
-177.09332673293096 2.583919032082317
-179.1544706835296 3.6843191643573374
-181.21561463412823 4.425172281167035
-183.2767585847269 3.265749498404352
-185.33790253532553 4.844930256725765
-187.39904648592417 2.6948515170619034
-189.4601904365228 2.0766462032632043
-191.52133438712144 2.858766620485517
-193.5824783377201 2.601431322483495
-195.64362228831874 3.299232039072421
-197.70476623891736 3.1217352544721115
-199.76591018951598 2.6544928270276937
-201.82705414011463 4.347677962821224
-203.88819809071327 2.539247646270058
-205.9493420413119 3.855457192405243
-208.01048599191054 3.7916874620558128
-210.0716299425092 2.6500708313185743
-212.13277389310784 3.9851730837490313
-214.1939178437065 2.0864820245924687
-216.2550617943051 2.304768986800231
-218.31620574490375 2.3628924704077394
-220.3773496955024 1.8106790368498795
-222.43849364610105 4.215445030242095
-224.49963759669967 3.808748662431732
-226.56078154729832 4.345554698809233
-228.62192549789694 4.434719898287338
-230.68306944849562 2.4747993482887707
-232.74421339909424 3.7489339753946873
-234.80535734969288 4.793829078976126
-236.8665013002915 1.481464734599606
-238.92764525089018 3.7717347003687993
-240.9887892014888 3.0970579007411327
-243.04993315208745 1.7409758041609618
-245.11107710268607 3.674906978642623
-247.17222105328472 3.2029272974241256
-249.2333650038834 5.175836761300327
-251.294508954482 5.2288552698283866
-253.35565290508066 4.620129432136945
-255.41679685567928 5.271095815816816
