# BEGINHEADER
# This file contains data from the SALSA 2m radio telescope.
# DATE=2022-12-10T15:08:0044
# GLON and GLAT given in degrees
# GLON=14.844264379203208
# GLAT=0.2480705065319925
# DATA in two columns below. Col. 1 is velocity relative to LSR [km/s]. Col. 2 is uncalibrated antenna temperature [K].
# ENDHEADER
270.7997045780092 3.4520970183146784
268.73856062741055 6.186042191480437
266.67741667681196 6.57534832309161
264.61627272621325 7.371633030601292
262.55512877561466 5.633471964286688
260.493984825016 6.4536303494957385
258.43284087441737 6.808575994620811
256.3716969238187 7.49253075301599
254.31055297322007 8.898073830319515
252.24940902262145 3.4713263156925214
250.1882650720228 9.157370973260207
248.12712112142418 -6.416552248411463
246.0659771708255 -9.954745661817217
244.00483322022686 13.101610321985646
241.94368926962824 4.886399063540067
239.8825453190296 8.499132505089177
237.82140136843097 6.783809300075447
235.7602574178323 7.635913653853981
233.69911346723367 7.05378315355074
231.63796951663502 6.6990755919403115
229.5768255660364 5.949453086802322
227.51568161543773 7.330439294158405
225.4545376648391 -2.2067036157933018
223.39339371424046 2.700861814705162
221.33224976364184 10.876755050233042
219.2711058130432 8.75291676478444
217.20996186244454 9.6572437485945
215.1488179118459 8.946700552712656
213.08767396124728 8.257004107850486
211.02653001064863 11.203728316778871
208.96538606005 9.40445634220103
206.90424210945133 8.78135801746436
204.84309815885268 10.777615420808063
202.78195420825406 9.102405758893408
200.72081025765542 10.362767824820477
198.65966630705677 9.674992644988432
196.59852235645812 10.24786964493978
194.5373784058595 10.624815392652875
192.47623445526085 11.040765047447138
190.41509050466223 10.768351621316052
188.35394655406355 10.206340805368512
186.29280260346493 8.873680249176687
184.2316586528663 11.844841124548154
182.17051470226767 6.59902812354035
180.10937075166902 8.65827505940065
178.04822680107037 11.136565891285747
175.98708285047172 10.234022557989208
173.9259388998731 10.886126791295812
171.86479494927445 11.94932118603356
169.80365099867583 13.11239783253451
167.74250704807716 11.028223535242178
165.6813630974785 12.601275749679093
163.6202191468799 12.743788764210748
161.55907519628124 11.932719693922161
159.4979312456826 9.538757456239562
157.43678729508395 8.71733662946725
155.37564334448533 12.027265366083093
153.31449939388668 12.772247667877195
151.25335544328806 13.842365813260297
149.19221149268938 12.118504319986494
147.13106754209076 12.799830379511228
145.0699235914921 12.580255722373689
143.0087796408935 12.659516282504024
140.94763569029485 13.86382700442295
138.8864917396962 12.170022178297325
136.82534778909755 10.769250477668734
134.76420383849893 13.218978768108176
132.70305988790028 15.285795042132579
130.64191593730163 15.787742233363291
128.58077198670298 17.213699663939288
126.51962803610435 14.640135463180174
124.45848408550572 14.203690600995522
122.39734013490707 14.022251092816749
120.33619618430843 14.204385580274998
118.27505223370979 14.96155613941595
116.21390828311115 11.054292788002765
114.15276433251252 12.146580286466081
112.09162038191387 16.075473633247977
110.03047643131522 16.55907761342657
107.96933248071657 15.84996090043541
105.90818853011794 14.853769323513415
103.84704457951929 16.429482539361935
101.78590062892066 17.679691872692544
99.72475667832202 16.30282501932556
97.66361272772338 13.908825538390278
95.60246877712474 16.472673230236904
93.5413248265261 16.724252262442064
91.48018087592746 15.051718285123044
89.41903692532881 17.0542789112416
87.35789297473018 16.797072948042683
85.29674902413154 15.654792527282563
83.2356050735329 16.3708364619529
81.17446112293426 17.015493589458274
79.11331717233561 17.274649312746238
77.05217322173698 16.98239706200379
74.99102927113833 17.850156691806667
72.9298853205397 16.730995197191344
70.86874136994105 17.534728409844153
68.8075974193424 20.47660584982205
66.74645346874377 21.32270955478416
64.68530951814513 23.84466990393589
62.624165567546484 25.491081844945764
60.56302161694784 28.52782470333162
58.5018776663492 29.050871971133
56.44073371575056 32.2447815087423
54.37958976515192 32.56066917460449
52.318445814553286 34.854378053259765
50.257301863954645 29.54758375532954
48.196157913356004 33.489755188726136
46.13501396275736 36.466027756683346
44.07387001215872 39.048714784560296
42.01272606156007 42.3924367779265
39.95158211096143 42.92915551951767
37.8904381603628 45.48994286892752
35.82929420976416 46.08145331915623
33.768150259165516 48.98486063821228
31.707006308566875 48.84537153827589
29.645862357968234 53.19332258152781
27.584718407369593 52.98150867647732
25.52357445677095 62.634919223540145
23.462430506172314 68.2519184378943
21.401286555573673 69.03214533000504
19.340142604975036 68.47760701292604
17.27899865437639 72.26977154727166
15.217854703777752 73.3814946387245
13.15671075317911 72.0541797253401
11.095566802580468 68.36221387256472
9.034422851981828 68.67236157096184
6.973278901383186 66.84816957671714
4.912134950784545 67.60215748975384
2.850991000185905 68.26096168618635
0.7898470495872644 62.286847724616926
-1.2712969010113764 53.72797893402195
-3.3324408516100177 44.949385509942495
-5.393584802208658 40.28254441481179
-7.4547287528072985 36.94804309090437
-9.51587270340594 34.86578027660646
-11.57701665400458 32.49345806812578
-13.63816060460322 33.0507550089073
-15.699304555201861 30.23610762972165
-17.7604485058005 29.824873038725702
-19.821592456399145 30.529331963281486
-21.882736406997783 32.94698696688849
-23.943880357596424 30.91337957351572
-26.00502430819507 25.171107940828016
-28.066168258793706 23.4531233457113
-30.12731220939235 22.74652041964465
-32.18845615999099 18.306759545046983
-34.24960011058963 17.015062634262836
-36.310744061188274 13.125840553064554
-38.371888011786915 11.210123727195015
-40.433031962385556 10.784903322985668
-42.4941759129842 10.871708086157819
-44.55531986358283 9.420692455349286
-46.61646381418147 8.574732941705648
-48.67760776478011 6.20573413551407
-50.738751715378754 6.774301293870531
-52.799895665977395 6.867962548528402
-54.86103961657604 7.021781703656775
-56.922183567174685 5.16635341708371
-58.98332751777332 1.9548830607985517
-61.04447146837196 2.0902731078141548
-63.1056154189706 5.80204321311594
-65.16675936956925 5.707356551799529
-67.22790332016788 6.10700943661335
-69.28904727076652 6.399389177454475
-71.35019122136517 4.0677123863109115
-73.4113351719638 5.169141098753034
-75.47247912256245 5.972591859155693
-77.53362307316108 6.085554871515825
-79.59476702375972 4.219225211213042
-81.65591097435836 -1.0258923084107456
-83.71705492495701 1.2839813524849424
-85.77819887555566 5.768095515918942
-87.8393428261543 4.179720973126297
-89.90048677675294 6.06289679253001
-91.96163072735158 2.4988851636371945
-94.02277467795021 3.372276748672423
-96.08391862854886 4.383573157103003
-98.14506257914749 4.269091066196349
-100.20620652974614 4.253207408484187
-102.26735048034477 2.498861188424166
-104.32849443094342 -1.4408609630191174
-106.38963838154206 4.464604390888556
-108.45078233214069 4.363396633646415
-110.51192628273934 3.5130734504840526
-112.57307023333797 4.6762657521972315
-114.63421418393662 4.551146082038926
-116.69535813453525 4.055760752994922
-118.7565020851339 3.8050368746387857
-120.81764603573254 3.8450890667160444
-122.87878998633118 4.839904641934778
-124.93993393692983 2.229630097977479
-127.00107788752847 1.67273505999908
-129.0622218381271 4.180346206967973
-131.12336578872575 3.6858461429265916
-133.1845097393244 3.624957983497997
-135.24565368992302 3.221931988658742
-137.30679764052167 4.5853294555999184
-139.36794159112029 3.0178690195657247
-141.42908554171896 4.488997026608079
-143.4902294923176 4.407332016098019
-145.55137344291623 3.3126024908046827
-147.61251739351488 1.8916912148024232
-149.6736613441135 3.1627986268982506
-151.73480529471217 5.461857394582814
-153.7959492453108 4.833458521872227
-155.85709319590944 3.634795243962041
-157.91823714650806 4.433249653079695
-159.97938109710674 3.228511220310268
-162.04052504770536 1.5427137468836116
-164.101668998304 3.5932615010657174
-166.16281294890263 1.9692437314457076
-168.22395689950127 3.4505365845484453
-170.28510085009992 4.497721684966628
-172.34624480069857 5.264337831902599
-174.4073887512972 3.071262204539446
-176.46853270189584 3.3747753595944676
-178.52967665249446 3.92704077585526
-180.59082060309314 4.773028984860949
-182.65196455369178 2.1043792538071777
-184.7131085042904 5.093377985370405
-186.77425245488905 3.1710198568198735
-188.83539640548767 3.3131991579705486
-190.89654035608635 1.884573655034717
-192.95768430668497 3.8818384455387482
-195.01882825728362 3.3690990851864275
-197.07997220788224 3.453253691879221
-199.1411161584809 2.6341487602070317
-201.20226010907953 3.3042298393507172
-203.26340405967818 2.707245326006615
-205.3245480102768 3.731106751279376
-207.38569196087545 2.6875363060641977
-209.4468359114741 4.7138138679057064
-211.50797986207274 3.456153851745411
-213.56912381267136 2.4536252447289555
-215.63026776327 2.3973498109834734
-217.69141171386863 3.2698622438896057
-219.7525556644673 5.245480839998159
-221.81369961506596 3.9401779524002807
-223.87484356566458 3.521686918028685
-225.93598751626322 1.230734741459772
-227.99713146686187 4.766466672184023
-230.05827541746052 2.548693868931937
-232.11941936805914 3.373228335787888
-234.1805633186578 4.3106466142111595
-236.2417072692564 2.60010525387371
-238.30285121985509 3.5254579526276206
-240.3639951704537 4.047218804144037
-242.42513912105235 3.2764138985328968
-244.48628307165097 3.5638990609149688
-246.54742702224962 5.705711422724978
-248.60857097284827 5.389493226412558
-250.66971492344692 4.839874483151119
-252.73085887404554 6.608203532278317
-254.7920028246442 6.110034291163329
