# BEGINHEADER
# This file contains data from the SALSA 2m radio telescope.
# DATE=2022-12-10T13:19:0006
# GLON and GLAT given in degrees
# GLON=54.82348808085199
# GLAT=0.1329004439904214
# DATA in two columns below. Col. 1 is velocity relative to LSR [km/s]. Col. 2 is uncalibrated antenna temperature [K].
# ENDHEADER
268.4300641186923 0.06363045625949208
266.36892016809367 -0.8801517908093008
264.307776217495 2.471181882053531
262.24663226689637 2.862143787746164
260.1854883162977 2.0912746497093138
258.12434436569913 1.8455947241344544
256.0632004151005 4.234091219467289
254.00205646450183 2.63474652464047
251.94091251390319 4.040582579702067
249.87976856330454 0.6249721288963721
247.81862461270592 6.122055199832847
245.75748066210727 -9.684007018998852
243.6963367115086 -13.84409536896205
241.63519276090997 6.801542811200679
239.57404881031133 1.4240083066074212
237.5129048597127 4.548861145946876
235.45176090911406 3.1659952218423757
233.3906169585154 3.88566996773148
231.32947300791676 2.8186927661788705
229.26832905731814 4.377989967091485
227.2071851067195 1.4225520552228015
225.14604115612087 4.8106478108190585
223.0848972055222 -2.440946635376042
221.02375325492358 0.3389029702796034
218.96260930432493 4.649752580341752
216.9014653537263 2.537212346861944
214.84032140312763 3.010070519150433
212.779177452529 2.7890673419262026
210.71803350193036 4.04270779274577
208.65688955133172 4.7429046662366945
206.5957456007331 3.370383638294059
204.53460165013442 5.098344743302419
202.4734576995358 4.655787161460398
200.41231374893715 4.029002062418404
198.35116979833853 5.833852508583514
196.29002584773986 6.755956707541436
194.22888189714124 6.182974857182984
192.16773794654256 6.183851425957525
190.10659399594394 5.780654251010438
188.0454500453453 4.40886906231695
185.98430609474667 6.139168936217415
183.92316214414802 4.783897321972401
181.86201819354937 5.800994342326249
179.80087424295073 2.5036689297497148
177.7397302923521 1.8978339106336821
175.67858634175346 8.218189942621867
173.6174423911548 4.587019592142915
171.55629844055616 6.530554185874873
169.4951544899575 6.0888631541853595
167.4340105393589 7.166389231623846
165.37286658876025 7.408503583165539
163.3117226381616 7.462275380971249
161.25057868756295 6.754895805926641
159.18943473696433 5.8443010522915015
157.12829078636568 6.349571321065915
155.06714683576706 6.475357330302317
153.00600288516839 7.089394191229382
150.94485893456977 7.61339050186091
148.88371498397112 6.56118527431318
146.8225710333725 4.544200600366955
144.76142708277382 6.377105334428467
142.7002831321752 8.265588653885539
140.63913918157655 6.690562597455034
138.57799523097793 8.034247538361809
136.51685128037929 4.751763378125855
134.45570732978064 3.9070903937649
132.394563379182 7.94351552977084
130.33341942858334 7.128545772748374
128.27227547798472 7.095040130020503
126.21113152738607 8.577976924267112
124.14998757678744 7.643332450693266
122.08884362618879 6.6126968991490465
120.02769967559016 7.297230513980773
117.96655572499151 6.117975658378557
115.90541177439287 7.798879890759249
113.84426782379424 3.8075302385271157
111.78312387319558 5.038084450009954
109.72197992259694 6.404672346736627
107.6608359719983 6.947742790764554
105.59969202139966 8.049225003602066
103.53854807080101 7.377523185115346
101.47740412020238 8.619443307685826
99.41626016960375 6.2468133828206795
97.3551162190051 8.680235841638265
95.29397226840646 7.50828897217658
93.23282831780782 6.694599470096254
91.17168436720918 6.743104778518697
89.11054041661055 7.269107658729878
87.0493964660119 7.664982464634247
84.98825251541327 6.257047495038783
82.92710856481462 7.997299860415484
80.86596461421598 5.697141672589839
78.80482066361733 7.356501160944474
76.7436767130187 8.450963007514913
74.68253276242007 9.449571432969023
72.6213888118214 8.980888862599336
70.56024486122277 10.67825665861901
68.49910091062412 12.369766420145458
66.43795696002549 17.14486898084021
64.37681300942685 17.706924538842767
62.315669058828206 24.240387530470347
60.254525108229565 25.995400484963124
58.193381157630924 29.990474830388095
56.13223720703228 34.31730041711907
54.07109325643365 37.465335966628444
52.00994930583501 41.415690922492544
49.94880535523637 45.80109281023913
47.887661404637726 48.05894119811193
45.82651745403908 54.85024128024811
43.765373503440436 59.8354472550271
41.704229552841795 63.07526771190915
39.64308560224316 66.4992017804102
37.58194165164452 65.81960203359297
35.52079770104588 68.13046168706121
33.45965375044724 67.77040257419124
31.398509799848593 67.51993688921974
29.337365849249956 69.15758221469943
27.276221898651315 68.36845238718612
25.215077948052674 68.40859413057018
23.153933997454036 74.29160219799766
21.09279004685539 75.72770745712755
19.03164609625675 73.66278763305793
16.97050214565811 73.4625571639974
14.90935819505947 72.66475842552839
12.848214244460829 78.91034801925876
10.78707029386219 87.15198937961654
8.725926343263549 91.50046642869346
6.664782392664908 87.84254299220743
4.603638442066267 75.8195011407127
2.542494491467626 69.51500946557299
0.4813505408689853 63.0895734141395
-1.5797934097296555 55.69691500264373
-3.640937360328296 46.45138875288779
-5.702081310926936 41.93088087653111
-7.763225261525577 36.64470340017822
-9.82436921212422 30.712321341502356
-11.885513162722859 26.78370873124487
-13.9466571133215 23.312440585214667
-16.00780106392014 20.179317786689474
-18.068945014518782 18.92808193995513
-20.130088965117423 15.76228985033017
-22.191232915716064 15.235469510177744
-24.252376866314705 13.60088811258305
-26.313520816913343 13.95649948268541
-28.374664767511987 15.270932056026886
-30.43580871811063 14.785486712080338
-32.49695266870927 18.04923299161039
-34.55809661930791 18.218025257551542
-36.61924056990655 19.5655052724594
-38.68038452050519 20.259605263870743
-40.741528471103834 22.576565184930114
-42.80267242170247 23.15165648581329
-44.86381637230111 25.15599072471918
-46.92496032289975 26.666748921519385
-48.98610427349839 28.777149847040274
-51.04724822409704 28.503359004567894
-53.10839217469568 31.043391861980357
-55.16953612529432 32.78582101121765
-57.230680075892955 33.76588565826212
-59.2918240264916 32.624847392962614
-61.35296797709024 29.429347418416263
-63.41411192768888 27.339078815847373
-65.47525587828753 26.407630259131647
-67.53639982888616 25.150243765307664
-69.5975437794848 21.71048390012496
-71.65868773008344 17.001414285552713
-73.71983168068208 15.055403930386854
-75.78097563128073 12.944225280127974
-77.84211958187936 12.626207872782325
-79.903263532478 12.034310319330048
-81.96440748307666 9.099287935553944
-84.02555143367529 3.5344973037188927
-86.08669538427394 6.671859545497168
-88.14783933487257 8.627523387611319
-90.20898328547122 5.4905672837741895
-92.27012723606985 5.207643835743345
-94.33127118666849 4.575525536419788
-96.39241513726714 1.8175354364123755
-98.45355908786577 3.004358041854585
-100.51470303846442 3.7034908978756986
-102.57584698906305 2.6127333939916904
-104.63699093966169 1.094387207110827
-106.69813489026033 -3.1816501179114014
-108.75927884085897 -0.3266526495473553
-110.82042279145762 2.708346029507917
-112.88156674205625 0.9011418947864552
-114.9427106926549 0.15442458331216893
-117.00385464325353 0.8985483008475671
-119.06499859385218 0.7170473000007977
-121.12614254445083 -0.3014120614537414
-123.18728649504946 0.02127830378487908
-125.24843044564811 1.5973846503721436
-127.30957439624675 -0.9059381185286639
-129.3707183468454 -1.339643574862153
-131.431862297444 1.7908007662933698
-133.49300624804266 0.5177469569227748
-135.55415019864128 -0.6665334358032088
-137.61529414923996 -1.1799799780359779
-139.6764380998386 1.1108109646517028
-141.73758205043723 0.5292790410398162
-143.79872600103587 2.3041499455335317
-145.85986995163452 -0.5184333727354227
-147.92101390223317 -0.671823089874195
-149.9821578528318 -2.185351367363483
-152.04330180343044 0.10580953345225105
-154.10444575402906 -1.7954530119553282
-156.16558970462773 -0.7043755124437271
-158.22673365522635 -0.6167137535441917
-160.287877605825 0.20493709405125762
-162.34902155642362 -0.9308852059169096
-164.41016550702227 -0.582988949640032
-166.47130945762092 0.3667234453323552
-168.53245340821957 -0.4714322515151942
-170.5935973588182 -0.6506158363066008
-172.65474130941683 -0.03503121934305217
-174.71588526001545 1.7955572151541384
-176.77702921061413 0.9166853477527042
-178.83817316121278 -0.13662732912760317
-180.8993171118114 -1.9455308473807387
-182.96046106241005 -0.23033072791279188
-185.0216050130087 -0.16955502946233064
-187.08274896360734 -0.09285459026611208
-189.14389291420596 0.3749661984862318
-191.2050368648046 -0.15394941596733272
-193.26618081540323 -0.35078602599284053
-195.3273247660019 -1.6086276034404967
-197.38846871660053 -1.069201894789375
-199.44961266719915 -1.1315925616144134
-201.51075661779777 -1.2804667620969503
-203.57190056839644 -0.8899367188344399
-205.63304451899506 -1.0471390561691094
-207.6941884695937 -1.0285898908378523
-209.75533242019233 0.07221733307743695
-211.816476370791 0.7852647108600546
-213.87762032138963 -1.2652380685573246
-215.93876427198828 -0.5288634571908899
-217.99990822258692 -0.12135551517485542
-220.06105217318554 -1.903125897482075
-222.12219612378422 -0.6193610008040623
-224.18334007438284 -0.825453097781277
-226.2444840249815 -1.767457688977073
-228.3056279755801 -0.6379337220334274
-230.36677192617876 0.9242042921234701
-232.4279158767774 -0.84994762272851
-234.48905982737605 -1.0189789865343277
-236.55020377797467 0.4776523816744684
-238.61134772857332 -0.3263935762661768
-240.67249167917197 0.06818223764344705
-242.73363562977062 -0.5560246167568591
-244.79477958036924 -1.446072636212316
-246.85592353096789 -1.0856430671855677
-248.9170674815665 -0.5547587991106427
-250.97821143216518 -0.8151425534211213
-253.0393553827638 0.7223012992426162
-255.10049933336245 -0.6680337038386378
-257.1616432839611 1.5577504916221014
