# BEGINHEADER
# This file contains data from the SALSA 2m radio telescope.
# DATE=2022-12-10T13:07:0026
# GLON and GLAT given in degrees
# GLON=69.84130424924489
# GLAT=0.09358978399801629
# DATA in two columns below. Col. 1 is velocity relative to LSR [km/s]. Col. 2 is uncalibrated antenna temperature [K].
# ENDHEADER
267.06733546330287 2.2035662257911404
265.0061915127043 6.295139493264309
262.9450475621056 9.474413827022817
260.883903611507 8.694904644398699
258.82275966090833 9.611859272345978
256.7616157103097 9.206965473960336
254.70047175971104 10.674915163517447
252.6393278091124 9.90390422556463
250.57818385851374 11.758700067960012
248.51703990791512 7.827811955576323
246.45589595731647 8.705787421966406
244.39475200671785 -1.6058237702849514
242.33360805611917 -1.3857964641614076
240.27246410552056 12.7333440967171
238.2113201549219 10.133928318033067
236.1501762043233 11.715896587834417
234.08903225372464 8.840860457425515
232.027888303126 9.969186847120918
229.96674435252734 9.806455952100933
227.90560040192872 12.398350755578113
225.84445645133007 9.803675886433327
223.78331250073143 10.661094737864268
221.72216855013278 3.824112635995194
219.66102459953413 8.980754313453964
217.5998806489355 11.979933770066484
215.53873669833686 9.943050532160438
213.4775927477382 10.588045739671163
211.41644879713957 8.70484523286431
209.35530484654095 11.319663761175976
207.2941608959423 11.223144909307383
205.23301694534368 12.057884602874077
203.171872994745 12.765831198215183
201.11072904414638 12.345457358892183
199.04958509354773 10.083032987972961
196.9884411429491 12.382930730621034
194.92729719235047 12.351860393324191
192.86615324175185 11.280529537021048
190.8050092911532 12.454827228303479
188.74386534055458 10.981708284187638
186.6827213899559 11.284018888570257
184.62157743935728 12.137917876101236
182.56043348875863 12.318615659187484
180.49928953816 13.233983786447778
178.43814558756137 8.765558475521559
176.3770016369627 9.345725537756895
174.31585768636407 13.79816187573674
172.25471373576542 13.172599749950564
170.1935697851668 12.131268901575407
168.13242583456812 11.663531731937429
166.0712818839695 15.103099004364969
164.01013793337086 13.349391117699483
161.94899398277224 13.4319965932483
159.8878500321736 12.965737390241092
157.82670608157494 13.534698692819255
155.7655621309763 11.914623715227444
153.70441818037767 10.222642426758084
151.64327422977902 13.530715958674497
149.5821302791804 10.395921619523856
147.52098632858173 14.770921608825267
145.4598423779831 12.385406165703921
143.39869842738446 13.636948724258104
141.3375544767858 12.9373679993848
139.2764105261872 10.916048678755336
137.21526657558852 13.120566207257577
135.1541226249899 12.592822483470986
133.09297867439125 11.826234723371831
131.0318347237926 12.531233497462365
128.97069077319398 13.93271830251848
126.90954682259533 14.26828437044231
124.8484028719967 13.22119531217249
122.78725892139806 12.884736259220203
120.7261149707994 14.412695767730062
118.66497102020077 12.47998341029637
116.60382706960212 12.443356959532586
114.54268311900348 15.558744136011116
112.48153916840484 10.685543309077884
110.4203952178062 10.856214028094612
108.35925126720757 13.621678032529363
106.29810731660892 15.158100498610038
104.23696336601029 11.58278755150754
102.17581941541164 12.230785612232445
100.114675464813 13.702794662517475
98.05353151421436 12.99681397069597
95.99238756361571 12.531010491067265
93.93124361301707 13.985916154118856
91.87009966241843 12.639891740150114
89.80895571181979 12.847979042797618
87.74781176122116 12.876802783431776
85.68666781062251 11.519008830591455
83.62552386002386 11.066385044759468
81.56437990942521 12.874814315263624
79.50323595882658 12.739788171736969
77.44209200822793 13.003887401266487
75.3809480576293 11.29706240256625
73.31980410703066 9.811280152626866
71.25866015643201 12.186219764725669
69.19751620583338 11.869046889615943
67.13637225523473 12.857713026808044
65.0752283046361 13.78961078088078
63.01408435403746 10.029905610680519
60.95294040343882 13.63332703703665
58.891796452840175 12.53469523243241
56.830652502241534 13.039767363864641
54.76950855164289 11.670061080284762
52.70836460104425 13.216972791598545
50.64722065044561 12.220027049324507
48.58607669984698 12.860480005437372
46.524932749248336 9.130650139908335
44.463788798649695 10.58552184492962
42.402644848051054 14.188392853527292
40.34150089745241 14.500644489125097
38.28035694685378 15.578121267186004
36.21921299625514 16.412916135753445
34.15806904565649 17.909152046478138
32.09692509505785 19.088766688400582
30.035781144459207 21.738780843831627
27.97463719386057 27.91088385479281
25.91349324326193 31.274285854148804
23.852349292663284 35.451633555271684
21.791205342064647 47.37127551782387
19.730061391466002 63.38151117093816
17.66891744086736 79.50326218734175
15.607773490268722 91.6827790049848
13.54662953967008 107.12619624071394
11.485485589071441 118.08310898980902
9.424341638472798 128.55023962056313
7.363197687874158 135.87671061549514
5.302053737275518 134.00591608413737
3.2409097866768777 123.97567294965226
1.1797658360782364 119.66226603371716
-0.8813781145204044 109.44540789449582
-2.942522065119045 93.38557681338484
-5.003666015717686 80.82581800827917
-7.064809966316327 69.41898292184571
-9.125953916914968 64.16969847717307
-11.187097867513609 58.13386501132367
-13.248241818112248 53.013210526147134
-15.309385768710891 49.90425928631913
-17.370529719309534 47.26600199401887
-19.43167366990817 45.12879156026313
-21.492817620506813 42.63027111585562
-23.553961571105454 40.813447657325746
-25.61510552170409 37.674511022190586
-27.676249472302732 36.3042486205285
-29.737393422901373 31.498006853377348
-31.798537373500015 27.489420626711667
-33.85968132409865 26.8902506085805
-35.92082527469729 26.63108158172952
-37.981969225295934 23.73399181498805
-40.043113175894575 23.247808237481028
-42.10425712649322 20.971887494263864
-44.16540107709186 22.22695501547317
-46.2265450276905 24.751610644456413
-48.28768897828914 29.11780972397952
-50.34883292888779 30.637884910325337
-52.40997687948643 30.835693544065307
-54.47112083008506 35.89874256376885
-56.532264780683704 38.67876906694694
-58.593408731282345 42.108849624796946
-60.65455268188099 45.05571785796127
-62.715696632479634 45.88508131640239
-64.77684058307827 49.273473105255555
-66.8379845336769 54.56111563253918
-68.89912848427555 57.74752594615174
-70.9602724348742 57.22690755969054
-73.02141638547285 52.366985302627036
-75.08256033607148 47.49784560191998
-77.14370428667011 40.9233749018558
-79.20484823726876 31.87616853787866
-81.2659921878674 28.310713007389662
-83.32713613846605 21.133019424985115
-85.38828008906468 15.800352229060747
-87.44942403966333 14.131181394698093
-89.51056799026196 17.027308163340752
-91.5717119408606 15.722556708501301
-93.63285589145924 13.906045992916075
-95.69399984205788 12.823054197643334
-97.75514379265653 12.522831079934257
-99.81628774325515 11.760889445974946
-101.8774316938538 12.433673186402714
-103.93857564445243 13.81805518584095
-105.99971959505108 10.308921986605915
-108.06086354564971 6.273941115755588
-110.12200749624836 10.912452429355959
-112.183151446847 11.283908107126951
-114.24429539744564 11.106514027738225
-116.30543934804429 9.579010010214127
-118.36658329864292 9.843794444234781
-120.42772724924157 9.708161749621985
-122.4888711998402 9.933539532103417
-124.55001515043884 10.052992339182998
-126.61115910103749 9.920754284766819
-128.6723030516361 6.271194995099242
-130.73344700223478 5.10267541201811
-132.79459095283343 9.984784997836345
-134.85573490343205 9.84885898470971
-136.9168788540307 9.905419244534883
-138.97802280462932 8.508120014390716
-141.03916675522797 9.693471679758611
-143.10031070582662 8.3293666721342
-145.16145465642526 9.184763195032104
-147.22259860702388 8.121974429341295
-149.28374255762253 8.243108656466458
-151.34488650822115 7.2051288137414495
-153.40603045881983 8.110347008205771
-155.46717440941845 8.324087692819399
-157.5283183600171 8.123538802555245
-159.58946231061572 8.578768546662468
-161.6506062612144 8.03731225563546
-163.711750211813 9.244439051507996
-165.77289416241166 7.479911905882952
-167.83403811301028 6.839790875122117
-169.89518206360893 9.458590572531405
-171.9563260142076 7.278808715014236
-174.01746996480622 7.961173215036602
-176.07861391540487 7.881043487753039
-178.1397578660035 8.822711874488474
-180.20090181660214 8.067485206502438
-182.2620457672008 9.139813385091616
-184.32318971779944 7.594632303059844
-186.38433366839806 8.406596665832142
-188.4454776189967 9.371523784274492
-190.50662156959535 6.936416274079278
-192.567765520194 7.258019575961783
-194.62890947079262 5.537126708259027
-196.69005342139127 8.859142499401841
-198.75119737198992 7.758199246847089
-200.81234132258857 9.02029336616916
-202.8734852731872 9.71016896231079
-204.93462922378586 8.975690751207598
-206.9957731743845 7.9308557384965095
-209.05691712498313 9.70458296177215
-211.11806107558178 8.494305573599707
-213.17920502618043 8.289472751621194
-215.24034897677907 8.639358459953264
-217.3014929273777 7.685518127419668
-219.36263687797634 7.08071476547231
-221.42378082857496 7.783340063489525
-223.48492477917364 7.950415287913326
-225.54606872977226 7.491301540111658
-227.6072126803709 8.18728248863185
-229.66835663096953 6.427604062114289
-231.7295005815682 7.450500179793859
-233.79064453216682 8.152937646367466
-235.85178848276547 7.219856808042162
-237.9129324333641 8.287321923594622
-239.97407638396274 5.4725388262593935
-242.0352203345614 6.339334840026716
-244.09636428516004 7.805954782159675
-246.15750823575868 6.581496593559749
-248.2186521863573 6.517413809400027
-250.27979613695595 8.31903012645481
-252.3409400875546 8.373383234768657
-254.40208403815325 8.762648584005559
-256.4632279887519 6.897232292319984
-258.5243719393505 7.819011980703124
