# BEGINHEADER
# This file contains data from the SALSA 2m radio telescope.
# DATE=2022-12-10T12:55:0009
# GLON and GLAT given in degrees
# GLON=84.83384484514859
# GLAT=0.044451973187243074
# DATA in two columns below. Col. 1 is velocity relative to LSR [km/s]. Col. 2 is uncalibrated antenna temperature [K].
# ENDHEADER
265.56870850694935 -1.8453616672262256
263.5075645563507 -7.572659911551903
261.44642060575205 -0.3588198846384801
259.38527665515346 -3.93040708218725
257.3241327045548 -1.9154310066139613
255.26298875395614 -3.176653023864129
253.2018448033575 -2.8935752806014556
251.14070085275887 -5.38968811094202
249.07955690216022 -0.7995050699499696
247.0184129515616 -11.847292226206266
244.95726900096292 -2.926361507323208
242.8961250503643 -48.358395106101305
240.83498109976566 -54.89443321689476
238.77383714916704 1.2958508992249338
236.71269319856836 -17.22365566608068
234.65154924796974 -5.300010217344587
232.5904052973711 -9.715127009674797
230.52926134677247 -5.490564805555941
228.46811739617382 -8.67179854485857
226.40697344557518 -6.730443545109565
224.34582949497653 -14.700111242238567
222.2846855443779 -5.963123835187999
220.22354159377926 -27.29861390253901
218.16239764318064 -19.422239983802058
216.10125369258196 -3.705682372218524
214.04010974198331 -7.3878661229817935
211.9789657913847 -6.678436342391294
209.91782184078605 -11.325296677783285
207.8566778901874 -6.271250621004409
205.79553393958875 -4.052603835063583
203.73438998899013 -3.1367864523443836
201.67324603839148 -4.005327187543111
199.61210208779286 -2.641448405240632
197.5509581371942 -6.198708743727111
195.48981418659554 -1.216415556176296
193.4286702359969 1.3758130499254262
191.36752628539827 -0.2485618022923099
189.30638233479962 0.18125223844554395
187.245238384201 -1.5429910352102505
185.18409443360233 -2.8325786503038026
183.1229504830037 -0.7271166920633519
181.06180653240506 0.5500328075801589
179.00066258180644 4.44626897949858
176.9395186312078 -9.401172300110526
174.8783746806091 -12.484922148284872
172.8172307300105 5.1702310344333595
170.75608677941185 1.0409241911615423
168.69494282881323 5.108255735333245
166.63379887821455 4.395539457351462
164.57265492761593 3.1333541524631547
162.51151097701728 2.8772179222783447
160.45036702641866 4.3303826104269
158.38922307582 3.886666962152918
156.32807912522136 0.4563034277436035
154.26693517462272 -1.9221734749038244
152.2057912240241 0.4166684890919846
150.14464727342545 3.9816257406756903
148.08350332282683 4.078213461339094
146.02235937222815 4.239230707748249
143.96121542162953 2.5685701058558053
141.90007147103088 2.9197284807405786
139.83892752043226 7.107844297887625
137.7777835698336 5.241361630950446
135.71663961923494 5.889582287617536
133.65549566863632 0.030374079536611028
131.59435171803767 -9.196077131254153
129.53320776743902 0.6157086609673295
127.4720638168404 4.659374933788611
125.41091986624176 6.535114366363964
123.34977591564312 4.437149796422088
121.28863196504449 3.3990567989508262
119.22748801444583 4.934479502262975
117.16634406384719 6.438239698021737
115.10520011324854 4.281513292125087
113.04405616264991 5.092521447124099
110.98291221205126 -10.698862778069161
108.92176826145263 -8.559531734032097
106.86062431085399 7.708980057884004
104.79948036025534 4.380911417996135
102.73833640965671 5.017237679921634
100.67719245905806 4.62715499813779
98.61604850845944 6.62412974435268
96.5549045578608 7.357626768392572
94.49376060726216 6.473690532275579
92.43261665666351 6.270264926306439
90.37147270606488 5.8776704843942005
88.31032875546624 3.3125601221320564
86.2491848048676 3.7406696929769554
84.18804085426896 4.274416662488233
82.12689690367031 1.8889222035182163
80.06575295307167 3.2313684354746357
78.00460900247302 5.104674663333342
75.94346505187438 5.0162354169199554
73.88232110127575 4.9476313822567395
71.8211771506771 2.106022286748447
69.76003320007847 4.172589122443725
67.69888924947982 1.0062322354269697
65.63774529888119 -0.036120041531481926
63.576601348282544 4.926029585416963
61.5154573976839 2.7895680193479677
59.45431344708526 0.7476532654813364
57.39316949648662 1.6534146856802967
55.33202554588798 3.524757251169368
53.270881595289346 3.4103330068997253
51.2097376446907 4.261741644617182
49.14859369409205 2.341272199601596
47.08744974349341 5.6300108386061
45.02630579289477 -13.557954894209983
42.96516184229613 -7.780621319742414
40.90401789169749 3.950369227686546
38.84287394109885 2.2091320299494663
36.78172999050021 3.600825915147032
34.72058603990157 3.623069875587162
32.65944208930293 5.394232187608539
30.598298138704287 6.492160809631509
28.537154188105646 6.894344775731131
26.476010237507005 8.01638660265871
24.414866286908364 3.60564804075317
22.353722336309723 -9.565400769542421
20.29257838571108 14.383447731084358
18.231434435112444 24.287327797018772
16.1702904845138 30.573536495683047
14.10914653391516 43.11437428444421
12.04800258331652 58.00710942892369
9.98685863271788 74.13035800951249
7.925714682119239 87.27242576266693
5.864570731520598 91.62579320749613
3.8034267809219573 91.48526234945932
1.742282830323316 80.53605918340828
-0.3188611202753246 82.77076102957815
-2.3800050708739655 88.8964302180735
-4.441149021472605 87.78280248316153
-6.502292972071246 83.77374438101647
-8.563436922669888 77.74988224198971
-10.624580873268528 79.11562024273594
-12.68572482386717 75.37524148019475
-14.746868774465812 66.95951524835296
-16.80801272506445 58.32646234834822
-18.869156675663092 48.481530462707454
-20.930300626261737 39.57680617325011
-22.991444576860374 34.476428308619624
-25.052588527459015 30.589019973049663
-27.113732478057656 29.704515847326906
-29.174876428656294 30.832340625902297
-31.23602037925494 26.67982408987421
-33.29716432985358 29.671609716288504
-35.35830828045222 39.80847784707825
-37.41945223105086 42.897568772155275
-39.480596181649496 48.13683251635089
-41.54174013224814 48.314863680235646
-43.60288408284678 36.82218659041993
-45.664028033445426 42.01626516307674
-47.72517198404407 44.34095427994627
-49.7863159346427 41.268449959115905
-51.84745988524134 35.5462530946438
-53.90860383583998 26.754453186210025
-55.969747786438624 24.290629925988657
-58.03089173703726 25.791923174230494
-60.0920356876359 23.077827864162263
-62.15317963823454 24.03075965376962
-64.21432358883318 10.09892647405735
-66.27546753943182 9.808290894561653
-68.33661149003046 30.577214114150046
-70.3977554406291 36.29260799326759
-72.45889939122775 41.669351835415505
-74.5200433418264 40.309126246797454
-76.58118729242504 40.36210724175
-78.64233124302368 38.86606498077683
-80.70347519362231 35.66633439358938
-82.76461914422096 34.763776762883445
-84.82576309481959 26.227870872742542
-86.88690704541824 -0.1982646894368076
-88.94805099601687 6.004095385495101
-91.00919494661551 20.973834096158853
-93.07033889721416 17.22555911785064
-95.13148284781279 12.88578150003971
-97.19262679841144 11.728493137684417
-99.25377074901009 9.338606945865765
-101.31491469960872 5.6037686640296975
-103.37605865020737 3.726108278224276
-105.437202600806 5.242005195089107
-107.49834655140465 -4.924392029892027
-109.55949050200329 -20.702249349937095
-111.62063445260192 -0.9857117885480042
-113.68177840320058 0.9638645194005212
-115.74292235379922 0.5166668082891875
-117.80406630439786 0.7044367492050617
-119.8652102549965 -0.23579660765610091
-121.92635420559515 -0.6783951124550568
-123.98749815619378 0.9994401960693866
-126.04864210679241 1.6572555084974474
-128.10978605739106 3.263986126614928
-130.17093000798968 -12.436591158772481
-132.23207395858833 -14.749188638300419
-134.293217909187 1.3022085769293614
-136.35436185978563 -2.5057632749478596
-138.41550581038427 0.5965271300699765
-140.4766497609829 -0.16960145526490478
-142.53779371158154 -0.5236103290350514
-144.5989376621802 0.9410321192053944
-146.66008161277884 0.20878043013035444
-148.72122556337746 0.15442289655275887
-150.7823695139761 1.9696032831787431
-152.84351346457476 -12.491600749319652
-154.9046574151734 -2.17649739982186
-156.96580136577202 2.0328749630395224
-159.02694531637067 -0.6571808137788789
-161.0880892669693 0.3998079446004861
-163.14923321756797 0.06130246983324621
-165.2103771681666 -0.5008046873273864
-167.27152111876524 1.7203214092579384
-169.33266506936386 0.5795582876084
-171.3938090199625 2.9208683720633912
-173.45495297056118 -1.016884853127379
-175.5160969211598 -4.3660171864942585
-177.57724087175845 2.2620629746808096
-179.63838482235707 1.6971665901020263
-181.69952877295572 2.9485691383856643
-183.76067272355436 1.6330109314727692
-185.821816674153 1.1806816788462358
-187.88296062475163 1.5235553897413694
-189.94410457535028 2.512056722087871
-192.00524852594893 2.8003200129916124
-194.06639247654758 1.5234703256775528
-196.1275364271462 -2.938557559998541
-198.18868037774482 0.7160163579559307
-200.24982432834346 3.6387066032877136
-202.3109682789421 3.0584124313613605
-204.37211222954073 2.719120892730446
-206.43325618013938 1.520054463219825
-208.494400130738 2.681775877995656
-210.55554408133668 2.6429038800833378
-212.61668803193533 3.96379604846025
-214.67783198253395 2.0715549281733954
-216.7389759331326 2.2247293404517934
-218.80011988373124 1.1439624914022466
-220.8612638343299 1.5195105192097687
-222.9224077849285 1.2681466456483603
-224.98355173552716 1.24212049404437
-227.04469568612578 1.8831138477460643
-229.10583963672445 1.9246903113666631
-231.16698358732307 1.9570964430693327
-233.22812753792172 3.0481336359458986
-235.28927148852034 2.789366093495155
-237.350415439119 0.691140570297855
-239.41155938971764 2.793195464855982
-241.4727033403163 -1.4375588419139715
-243.5338472909149 1.1460392676303084
-245.59499124151355 0.9784957586265121
-247.6561351921122 0.7023642261475069
-249.71727914271085 2.797338120859632
-251.7784230933095 1.4821074012012632
-253.83956704390812 2.4633299662859076
-255.90071099450677 2.5411413294287892
-257.9618549451054 0.3926100195955262
-260.02299889570406 -0.9497928467886841
