# BEGINHEADER
# This file contains data from the SALSA 2m radio telescope.
# DATE=2022-12-10T12:59:0055
# GLON and GLAT given in degrees
# GLON=79.81577015167265
# GLAT=0.03672004252519487
# DATA in two columns below. Col. 1 is velocity relative to LSR [km/s]. Col. 2 is uncalibrated antenna temperature [K].
# ENDHEADER
266.0648546114835 3.188478606264244
264.00371066088485 1.7310691553114712
261.94256671028626 6.28179929771535
259.8814227596876 4.617561275370424
257.82027880908896 8.311958437156047
255.7591348584903 6.191337318023399
253.6979909078917 5.0315068842489685
251.63684695729305 6.214863472175516
249.5757030066944 7.617999846178988
247.51455905609575 2.3393081515462737
245.45341510549713 8.72728244330982
243.39227115489848 -20.711472875298814
241.33112720429986 -28.28393228672423
239.26998325370118 9.348040833675272
237.20883930310256 -0.7612191920855723
235.14769535250392 6.277152277969674
233.0865514019053 2.9341312012744707
231.02540745130665 4.963251643230599
228.96426350070797 4.000363932178295
226.90311955010935 5.709146181812247
224.8419755995107 1.1934360741543486
222.78083164891208 5.270522200540511
220.7196876983134 -8.05302677702001
218.6585437477148 -1.7678713622670619
216.59739979711614 8.884788459027337
214.53625584651752 2.5774532079962396
212.47511189591887 5.807778036817162
210.41396794532022 4.473808405336467
208.35282399472158 7.606758233666424
206.29168004412296 6.7912389219271985
204.2305360935243 7.172737844707893
202.1693921429257 7.611540162349899
200.108248192327 6.686872050119377
198.04710424172842 7.441004515162902
195.98596029112977 9.44566106058635
193.92481634053112 9.951792878198967
191.86367238993247 10.360082807039891
189.80252843933383 9.938330488980666
187.7413844887352 8.269156714957742
185.68024053813656 9.155377720786026
183.6190965875379 9.691077072706829
181.55795263693926 9.297665975435415
179.49680868634064 10.438429609027871
177.435664735742 3.0188218414535855
175.37452078514337 4.8312139533291365
173.3133768345447 11.585339172555
171.25223288394608 10.862633564272247
169.19108893334743 11.412575599741896
167.1299449827488 9.043372317348915
165.06880103215013 10.666494345640528
163.0076570815515 10.133332894613162
160.94651313095287 12.066957924811542
158.88536918035425 12.042753838945732
156.8242252297556 10.610997055752533
154.76308127915695 9.746674593525075
152.7019373285583 11.338097823309765
150.64079337795965 11.399097748900738
148.57964942736103 11.841875193269999
146.51850547676239 12.887513679950283
144.45736152616374 10.566250735035768
142.3962175755651 11.068733974133115
140.33507362496647 12.979261763674362
138.27392967436782 11.12672484278834
136.21278572376917 13.177346147411304
134.15164177317052 10.470120111028587
132.0904978225719 5.554011026673528
130.02935387197326 11.79098361207979
127.96820992137461 12.607808736596406
125.90706597077597 9.769562723489106
123.84592202017733 12.568711239427895
121.78477806957869 11.116142103708988
119.72363411898006 11.117495633057068
117.66249016838141 11.309088573730325
115.60134621778278 10.793945515646602
113.54020226718413 14.5411225096504
111.4790583165855 5.2292380583287565
109.41791436598685 7.061273690766506
107.35677041538821 13.839080505804853
105.29562646478958 13.602663567486081
103.23448251419093 14.146665717556292
101.1733385635923 10.95328235050667
99.11219461299365 11.738748466741178
97.05105066239501 12.308459098990298
94.98990671179637 13.335784168401343
92.92876276119772 13.067030560429693
90.86761881059908 11.512122440955405
88.80647486000044 11.53674200945414
86.7453309094018 11.750084593138144
84.68418695880315 12.27448346723976
82.62304300820452 11.647114758765504
80.56189905760588 13.28310662687475
78.50075510700724 13.382246416685058
76.4396111564086 11.23020369951192
74.37846720580995 10.735511566302025
72.31732325521132 11.387557867306908
70.25617930461267 13.232120100347867
68.19503535401404 9.179302586549449
66.1338914034154 8.333048500444841
64.07274745281676 11.538013920647526
62.01160350221811 10.185616900501458
59.950459551619474 7.372909385255951
57.88931560102083 11.040987961970549
55.82817165042219 10.774698748543354
53.76702769982355 9.454178212252836
51.70588374922491 13.238470146571954
49.64473979862627 10.985226241012638
47.58359584802763 12.305599769043168
45.52245189742899 4.239790395112517
43.46130794683034 6.602680348384145
41.4001639962317 11.355164502536457
39.339020045633056 11.09320559832596
37.277876095034415 13.13141547514532
35.21673214443578 11.581735530437443
33.15558819383714 12.09851616552942
31.0944442432385 14.062318766624914
29.033300292639854 17.626605494240945
26.972156342041213 17.814847971927108
24.911012391442576 18.4741318105092
22.849868440843938 17.68872791668837
20.788724490245297 33.419558175669785
18.727580539646652 50.043975016097455
16.666436589048015 67.52750961317075
14.605292638449374 85.04231740192179
12.544148687850731 103.6183035586374
10.483004737252092 118.39791423916813
8.421860786653449 128.9986864571358
6.360716836054809 133.4245361661235
4.299572885456168 125.83318303918895
2.2384289348575273 116.65069429390897
0.17728498425888667 122.14492024864299
-1.8838589663397542 124.18495280657557
-3.9450029169383947 123.12828801403586
-6.006146867537036 112.61335006168358
-8.067290818135676 103.25592609315693
-10.128434768734316 95.70506743108822
-12.189578719332959 78.8940427672176
-14.250722669931598 66.94414748173854
-16.31186662053024 57.738800142479946
-18.37301057112888 50.6239528986128
-20.43415452172752 43.77739597782479
-22.495298472326162 43.754874714810455
-24.556442422924803 41.797378394659894
-26.617586373523444 40.68491505179117
-28.67873032412209 41.743243815434234
-30.739874274720727 40.84347412434688
-32.801018225319375 43.58315666715394
-34.86216217591801 46.42406639804641
-36.92330612651665 46.81878267713696
-38.98445007711529 49.54805491930506
-41.04559402771393 46.89360926240346
-43.10673797831257 42.49487385489275
-45.167881928911214 45.62071024922749
-47.22902587950985 45.13360884726308
-49.29016983010849 40.78180263157343
-51.35131378070712 35.30803908562131
-53.41245773130577 31.77921528966038
-55.47360168190441 30.076899302481735
-57.53474563250305 31.173120475089835
-59.595889583101695 33.09785009976308
-61.657033533700336 35.496151721963315
-63.71817748429898 34.50386262606789
-65.77932143489762 36.355589377211416
-67.84046538549626 47.55722011546876
-69.90160933609491 48.17780770498413
-71.96275328669354 46.845833928401476
-74.02389723729218 46.46630341546417
-76.08504118789082 44.74173064065016
-78.14618513848946 43.38624202883106
-80.2073290890881 38.379524479192995
-82.26847303968674 36.11253508815252
-84.32961699028539 31.79076279253063
-86.39076094088402 21.086097211429927
-88.45190489148266 21.92827423691869
-90.5130488420813 24.969057576565486
-92.57419279267994 22.41932879103276
-94.63533674327859 20.770135749320595
-96.69648069387722 17.86356725526674
-98.75762464447587 13.237468118316665
-100.81876859507452 11.049435646841937
-102.87991254567315 11.4996928624911
-104.9410564962718 12.229723812186739
-107.00220044687043 9.0700910347091
-109.06334439746908 1.148377931795654
-111.12448834806771 7.569232421130646
-113.18563229866635 11.037380063073543
-115.246776249265 8.686409076987934
-117.30792019986363 10.027487256403296
-119.36906415046228 7.895369511651499
-121.43020810106091 6.793078277428536
-123.49135205165956 8.116322988067319
-125.5524960022582 7.276226072726157
-127.61363995285683 9.50265747523754
-129.67478390345548 1.3440809037469255
-131.73592785405413 1.6463554509982952
-133.79707180465275 7.721011343836455
-135.85821575525142 5.737749873872562
-137.91935970585004 6.597587942285359
-139.9805036564487 6.977836385589471
-142.0416476070473 5.642551507779233
-144.10279155764596 4.764640537616116
-146.1639355082446 6.255843358643133
-148.22507945884325 5.306984687305813
-150.28622340944187 6.636868722508045
-152.34736736004052 1.2410458302047294
-154.40851131063914 6.41636148976918
-156.46965526123782 6.614816758994257
-158.53079921183647 5.999683718794039
-160.5919431624351 6.639294063014484
-162.65308711303373 5.41434540120744
-164.71423106363238 6.895516245302595
-166.77537501423103 5.3073949033467125
-168.83651896482965 5.68763753781011
-170.8976629154283 6.6249020982895175
-172.95880686602692 6.198719268061283
-175.0199508166256 5.091410475599482
-177.08109476722422 7.695806956433928
-179.14223871782286 4.83179832909829
-181.20338266842148 5.516263324565747
-183.26452661902013 6.574414794164685
-185.32567056961878 7.331745589765429
-187.38681452021743 7.503777041476914
-189.44795847081605 6.832804225253201
-191.5091024214147 5.457783126450616
-193.57024637201334 6.753391515968947
-195.631390322612 3.6914013495000373
-197.69253427321064 6.177848607475397
-199.7536782238093 4.601792277839775
-201.81482217440794 6.458100940324246
-203.87596612500656 6.83602387377354
-205.93711007560523 6.542599224975612
-207.99825402620385 5.596159003011759
-210.0593979768025 6.358703356039996
-212.12054192740112 4.453548128249771
-214.18168587799977 5.098812731772809
-216.24282982859842 5.210001677176296
-218.30397377919707 6.350069236881493
-220.36511772979568 7.147201520148996
-222.42626168039433 4.848476863047125
-224.48740563099295 5.168731529784325
-226.54854958159163 8.323097490387509
-228.60969353219025 7.0687135731156525
-230.6708374827889 5.358980619888248
-232.73198143338752 5.903748080981273
-234.7931253839862 5.902200874083291
-236.85426933458484 6.486299792447797
-238.91541328518346 7.436394528675888
-240.9765572357821 4.468802436346593
-243.03770118638073 5.060710611282964
-245.0988451369794 6.426978962660433
-247.15998908757803 6.716409252296452
-249.22113303817667 5.693317782183892
-251.2822769887753 5.245472347045076
-253.34342093937394 6.575523348416775
-255.4045648899726 5.354932592505045
-257.4657088405712 3.733319996781263
-259.52685279116986 5.760899972389582
