# BEGINHEADER
# This file contains data from the SALSA 2m radio telescope.
# DATE=2022-12-10T13:45:0028
# GLON and GLAT given in degrees
# GLON=44.871170250351014
# GLAT=0.21263120898004015
# DATA in two columns below. Col. 1 is velocity relative to LSR [km/s]. Col. 2 is uncalibrated antenna temperature [K].
# ENDHEADER
269.2507803405748 0.8461749160765074
267.1896363899762 2.7713341208206295
265.1284924393775 4.394047847867741
263.0673484887789 3.7059087927005976
261.00620453818027 4.003167938185484
258.9450605875816 5.45084147996335
256.883916636983 7.929974547852412
254.82277268638433 4.22871640604282
252.7616287357857 6.927907801843124
250.70048478518706 4.084535865173601
248.63934083458844 9.202363647272993
246.5781968839898 -8.155989145670635
244.51705293339114 -13.400586988141102
242.4559089827925 9.114956835142156
240.39476503219387 2.232574437131296
238.33362108159523 6.337741457597428
236.27247713099655 4.5183963952170245
234.21133318039793 5.417715675840169
232.15018922979928 5.193662656590159
230.08904527920066 5.3668531687981265
228.027901328602 1.8397030469875608
225.96675737800336 6.278290731672983
223.90561342740472 -5.295424220700799
221.8444694768061 1.6863386639448363
219.78332552620745 7.353201263565455
217.72218157560883 5.390078810753911
215.66103762501015 5.028235969922044
213.59989367441153 4.228797288077454
211.53874972381288 4.746782845320938
209.47760577321426 6.371357481904639
207.4164618226156 7.494746256706713
205.35531787201697 5.464981760565397
203.29417392141832 7.563325636584667
201.2330299708197 4.661229648005771
199.17188602022105 7.292132173026206
197.11074206962238 7.5099816816961935
195.04959811902376 7.1047443448975
192.9884541684251 8.88035526278769
190.9273102178265 7.548197678608266
188.86616626722784 8.854866736969862
186.8050223166292 6.67925982303633
184.74387836603054 7.384032524522528
182.68273441543192 10.338550396440708
180.62159046483328 3.3096573043511013
178.56044651423463 3.7830876500774084
176.49930256363598 9.543023568491286
174.43815861303736 7.5471796446812585
172.3770146624387 10.271149986541051
170.3158707118401 8.273304891805465
168.25472676124141 8.662061992057755
166.1935828106428 8.561420697136073
164.13243886004415 8.979426383246912
162.07129490944553 8.520782244837552
160.01015095884688 7.909403977815596
157.9490070082482 7.331518250940714
155.88786305764958 8.461427058323405
153.82671910705093 8.809495342407264
151.76557515645231 7.065879441920078
149.70443120585367 8.734108398597838
147.64328725525502 7.943785679332231
145.58214330465637 8.671354934935263
143.52099935405775 9.648556980742985
141.4598554034591 9.606946327963463
139.39871145286045 9.819355320364032
137.3375675022618 7.586499755923778
135.27642355166319 4.464800493884963
133.21527960106454 7.732114061445541
131.15413565046592 8.41259124646816
129.09299169986727 8.953631177628619
127.03184774926861 9.75888216008733
124.97070379866997 8.489881609215361
122.90955984807132 9.506276611469033
120.84841589747269 9.231628570449308
118.78727194687406 8.088469110624184
116.72612799627541 9.20267977749421
114.66498404567677 4.087712094044189
112.60384009507813 4.104171490611651
110.54269614447949 8.136764355149289
108.48155219388084 10.050941279445501
106.42040824328221 10.462076436503349
104.35926429268358 8.230120861511896
102.29812034208493 10.649314335607533
100.23697639148628 9.809146887667744
98.17583244088765 9.39154336616894
96.11468849028901 9.184998453498535
94.05354453969036 9.523209897914906
91.99240058909173 10.672272781942176
89.93125663849308 12.516018639794897
87.87011268789445 12.21097162341741
85.80896873729581 11.771225593353288
83.74782478669717 12.680937980598285
81.68668083609853 16.407815506615414
79.62553688549988 18.988876471308682
77.56439293490125 23.029184944528044
75.5032489843026 27.48973939930037
73.44210503370397 36.33012026122367
71.38096108310533 42.366876585360416
69.31981713250669 48.0635367445109
67.25867318190805 58.504050439453344
65.1975292313094 65.11029070269323
63.13638528071076 70.83339460480008
61.07524133011212 76.38162771872372
59.01409737951348 77.99534947525338
56.95295342891484 79.72897227841591
54.8918094783162 79.21719787573026
52.830665527717564 75.85125525710103
50.769521577118915 75.13758365707405
48.70837762652027 65.73799995623088
46.647233675921626 65.74686008363469
44.586089725322985 71.55807767195384
42.52494577472435 68.23728537370413
40.46380182412571 69.01014300806557
38.40265787352707 67.26233788944045
36.34151392292843 67.6421864565912
34.28036997232979 69.43425998791282
32.219226021731146 69.38396080051207
30.158082071132505 73.19157800749043
28.096938120533864 73.36817569868009
26.03579416993522 71.04400750800458
23.97465021933658 79.16825191811355
21.91350626873794 78.95131229580895
19.8523623181393 76.23845539470474
17.79121836754066 72.9077409022283
15.730074416942019 70.67001629175442
13.668930466343376 72.18783521688827
11.607786515744737 77.49503519637983
9.546642565146096 82.64821621087802
7.4854986145474545 85.19293255443739
5.424354663948814 78.13554775016534
3.363210713350173 75.02286147354437
1.3020667627515325 64.22772805906199
-0.7590771878471082 49.36972685416528
-2.820221138445749 37.44702355670034
-4.881365089044389 25.184930842223324
-6.9425090396430305 22.04286673687467
-9.003652990241672 20.404630108201477
-11.064796940840312 16.92025689081476
-13.125940891438953 18.887538789606015
-15.187084842037594 19.183452818075533
-17.248228792636233 16.793944234486833
-19.309372743234874 17.577755018201053
-21.37051669383352 18.55009466151863
-23.431660644432156 19.631712056618696
-25.492804595030798 21.16960989810957
-27.55394854562944 19.338304612505826
-29.61509249622808 21.479314400084068
-31.67623644682672 24.45595044010924
-33.73738039742536 27.527703833402743
-35.798524348024 30.359736493741885
-37.859668298622644 31.212098477779158
-39.920812249221285 29.69328710648076
-41.98195619981992 29.772716515054075
-44.04310015041856 30.60421958705772
-46.10424410101721 32.99412833073992
-48.16538805161585 33.61054472955979
-50.22653200221448 31.270758413451755
-52.287675952813125 30.359519110315176
-54.348819903411766 34.50385398273421
-56.40996385401041 31.739158300394624
-58.47110780460904 31.10083907933417
-60.53225175520768 24.26946461903392
-62.59339570580632 18.80143525866201
-64.65453965640496 20.46668658145275
-66.71568360700361 17.517144969344656
-68.77682755760225 15.364846856587965
-70.8379715082009 12.76484230300614
-72.89911545879953 10.972458813977806
-74.96025940939818 8.377338316381538
-77.02140335999681 8.904175994572423
-79.08254731059544 8.7693763859822
-81.14369126119409 5.951002286789255
-83.20483521179273 0.4971291021732468
-85.26597916239137 -0.3399224135118873
-87.32712311299001 3.780724597088654
-89.38826706358866 3.0160264646993498
-91.44941101418729 4.715872389989487
-93.51055496478592 2.51151557929114
-95.57169891538459 2.4615184215724812
-97.63284286598322 4.007742904551188
-99.69398681658187 1.9055014520042657
-101.75513076718052 3.3108574902955956
-103.81627471777915 0.9012783888806354
-105.8774186683778 -4.181149447096946
-107.93856261897643 0.9327439053181801
-109.99970656957508 3.3339285210664227
-112.06085052017372 2.204985769127114
-114.12199447077235 1.238732516263174
-116.183138421371 1.9664088349915405
-118.24428237196963 1.9222325645928746
-120.30542632256828 3.5634549243462206
-122.36657027316691 3.556628970758819
-124.42771422376556 3.7883875726287526
-126.4888581743642 1.0124090163515382
-128.55000212496284 -1.6252254125119678
-130.6111460755615 3.827898955283371
-132.67229002616014 2.8309266605235277
-134.73343397675876 2.6736421031819204
-136.7945779273574 2.7710114557429426
-138.85572187795603 3.4073297004649516
-140.91686582855468 1.5245209523052141
-142.97800977915333 0.7176773391135927
-145.03915372975197 1.8344960335761746
-147.1002976803506 2.300704054713281
-149.16144163094924 -0.41773971996261894
-151.22258558154792 1.8607989986813407
-153.28372953214654 4.954921530958268
-155.3448734827452 2.8042321679060453
-157.4060174333438 2.0768659043021427
-159.46716138394245 2.7320006984152427
-161.5283053345411 1.539673775514546
-163.58944928513975 1.8392326221877837
-165.65059323573837 2.9140228176202934
-167.71173718633702 2.820183930999746
-169.77288113693564 2.789903107089945
-171.83402508753431 0.5880782696855263
-173.89516903813293 2.5478916232632276
-175.95631298873158 0.9465785000756815
-178.0174569393302 2.627371601265447
-180.07860088992888 0.733221129621063
-182.1397448405275 0.5967113833954525
-184.20088879112615 1.3480530349929425
-186.26203274172477 4.532008770812571
-188.32317669232341 2.6889726602167934
-190.3843206429221 1.192944411697745
-192.4454645935207 -0.11133854051010716
-194.50660854411936 1.9092928754793361
-196.56775249471798 3.488388133391254
-198.62889644531663 1.5585220289514676
-200.69004039591528 2.768045108110374
-202.75118434651392 1.9732798657903274
-204.81232829711254 1.4939250089770935
-206.8734722477112 1.0177791722843048
-208.93461619830984 1.383720287733793
-210.9957601489085 1.9116116028747208
-213.0569040995071 2.0093303999992744
-215.11804805010576 1.4781797568463038
-217.17919200070438 3.0192253052569233
-219.24033595130305 1.0178403298906473
-221.30147990190167 1.0099780157008171
-223.36262385250032 2.4608183954243126
-225.42376780309894 3.5101451208092764
-227.4849117536976 1.6056710613962808
-229.54605570429626 0.6662986289328423
-231.60719965489488 2.010152181861856
-233.66834360549353 1.8546726659759063
-235.72948755609215 1.087775001892035
-237.7906315066908 0.3824794093065039
-239.85177545728945 1.3908526495542637
-241.9129194078881 2.359608875869973
-243.97406335848672 2.855747029136551
-246.03520730908537 2.7259114495875716
-248.096351259684 1.7250577775010767
-250.15749521028266 3.098690233031917
-252.21863916088128 5.139499327216038
-254.27978311147993 3.1160208487379126
-256.34092706207855 2.9576092213584126
