# BEGINHEADER
# This file contains data from the SALSA 2m radio telescope.
# DATE=2022-12-10T13:15:0027
# GLON and GLAT given in degrees
# GLON=59.87499879806054
# GLAT=0.19279212639350402
# DATA in two columns below. Col. 1 is velocity relative to LSR [km/s]. Col. 2 is uncalibrated antenna temperature [K].
# ENDHEADER
268.03517378913523 2.0530309535676743
265.97402983853664 5.814584479286662
263.912885887938 6.199859665565956
261.85174193733934 6.912956544247403
259.7905979867407 6.941475977323957
257.72945403614204 7.149754367377842
255.6683100855434 7.145772486701425
253.60716613494478 7.025575296724056
251.54602218434613 8.142000142363464
249.48487823374748 7.548740717050383
247.42373428314883 10.414984269912111
245.3625903325502 0.7940373531380842
243.30144638195156 -2.205159392388398
241.24030243135294 9.328664504335165
239.17915848075427 6.627221659635469
237.11801453015565 8.637178768413692
235.056870579557 7.7772989819754805
232.99572662895838 8.77895794018861
230.93458267835973 9.084831901717624
228.87343872776108 8.857343815018828
226.81229477716244 6.588316270722013
224.75115082656382 10.145064780123837
222.69000687596517 3.5611421394953604
220.62886292536652 5.240598372230887
218.56771897476787 9.406793384396595
216.50657502416922 8.512725404133823
214.4454310735706 7.684749841554252
212.38428712297195 6.717622444057915
210.3231431723733 8.615047185799177
208.26199922177466 7.992109243914561
206.20085527117604 7.416674178533535
204.1397113205774 8.595787030174966
202.07856736997877 8.108965036607232
200.0174234193801 7.827787272210833
197.95627946878147 9.9110669615308
195.89513551818283 8.683933403435187
193.8339915675842 7.524170219894048
191.77284761698556 10.273373740098627
189.7117036663869 8.88977758906233
187.65055971578826 8.138596084124995
185.5894157651896 7.480018593710837
183.528271814591 7.6291612194379885
181.46712786399232 9.856280452556351
179.4059839133937 6.586115375210906
177.34483996279505 5.8046692432612925
175.28369601219643 9.285278603129955
173.22255206159778 9.261898196620807
171.16140811099913 10.219742643160176
169.10026416040049 10.940790212726766
167.03912020980187 9.266902934011629
164.97797625920322 8.590950721779592
162.9168323086046 9.212914622817904
160.85568835800592 9.08758610972712
158.7945444074073 9.094492967194933
156.73340045680865 7.511184048275275
154.67225650621003 10.264872762086636
152.61111255561136 9.120526728315474
150.54996860501274 8.683697008936804
148.4888246544141 9.385084009739796
146.42768070381544 9.337382157461118
144.36653675321682 9.89188799589095
142.30539280261814 10.943132174586871
140.24424885201952 10.40165632431996
138.18310490142088 10.337775220100296
136.12196095082226 7.546623192586409
134.0608170002236 7.940964261107268
131.99967304962496 7.481795183628623
129.9385290990263 9.439604546023222
127.87738514842768 11.23603910332557
125.81624119782903 8.528911671091906
123.7550972472304 9.661921504325331
121.69395329663176 10.718315035049518
119.63280934603311 9.738090747325536
117.57166539543448 9.041459580078516
115.51052144483583 9.15201251943425
113.4493774942372 7.292143843535963
111.38823354363855 7.821973718502185
109.32708959303991 8.750292436225495
107.26594564244128 9.005952873951163
105.20480169184263 9.594395371016565
103.143657741244 10.963775790710846
101.08251379064535 9.198218397361993
99.02136984004672 9.781313662991364
96.96022588944808 9.630834056141767
94.89908193884943 9.280683191690922
92.8379379882508 8.564215644175075
90.77679403765215 7.985564246651662
88.7156500870535 7.988786452545972
86.65450613645486 7.925721048106017
84.59336218585622 7.338982342923845
82.53221823525759 8.33120177094396
80.47107428465894 7.442960581522206
78.4099303340603 9.294248535595264
76.34878638346166 9.712791783890504
74.28764243286302 9.72997946647167
72.22649848226438 9.71539682522938
70.16535453166574 9.136265694101356
68.10421058106711 7.72734075519089
66.04306663046846 8.519129776948816
63.98192267986982 11.50467235283221
61.920778729271184 13.091689865922524
59.859634778672536 11.896615177130062
57.798490828073895 10.941472954527978
55.737346877475254 11.805960081940244
53.67620292687661 16.126162731461896
51.61505897627797 16.44959959859643
49.55391502567933 21.473341519684098
47.49277107508069 21.921226973932722
45.43162712448205 26.646514884232626
43.37048317388341 36.30171611733452
41.30933922328476 38.96275210543067
39.24819527268612 43.760929604181115
37.187051322087484 51.082191465419534
35.12590737148884 58.145658681895185
33.0647634208902 65.19911875972285
31.00361947029156 72.62424441230169
28.94247551969292 78.8926234843261
26.881331569094282 81.05516810013579
24.820187618495638 79.37686245344938
22.759043667897 83.16381012896846
20.69789971729836 86.03610856854539
18.63675576669972 89.5621791993382
16.575611816101077 93.28966753846868
14.514467865502438 95.30564340621135
12.453323914903796 101.15317954763482
10.392179964305155 105.09484141996506
8.331036013706512 103.99419930158604
6.269892063107873 94.62157688321734
4.208748112509232 83.95092689431985
2.147604161910592 80.08140798600836
0.08646021131195072 75.4330743434268
-1.9746837392866898 66.70369685306356
-4.035827689885331 57.27654492899507
-6.096971640483972 51.87729030292539
-8.158115591082613 46.637947104740405
-10.219259541681254 42.68843300925095
-12.280403492279895 41.015496692648725
-14.341547442878532 37.74159519037796
-16.402691393477173 34.65312300097338
-18.463835344075815 31.087168637938934
-20.524979294674456 26.732557725195626
-22.586123245273097 23.69899614947157
-24.647267195871738 21.380903285873206
-26.708411146470382 20.14963422443924
-28.76955509706902 16.374784473161007
-30.83069904766766 15.61457458300454
-32.8918429982663 16.29243266576853
-34.95298694886494 16.771165788011885
-37.01413089946359 15.27583387271904
-39.07527485006223 13.304096808175611
-41.13641880066087 13.047089756270227
-43.19756275125951 15.951567170932565
-45.258706701858145 20.0072344200086
-47.319850652456786 22.27708636319693
-49.38099460305543 27.381098863040563
-51.44213855365406 28.855153886088367
-53.5032825042527 33.60235530576662
-55.56442645485134 36.90358937992218
-57.62557040544999 36.90034115593073
-59.68671435604863 41.47124531832518
-61.747858306647274 39.77837502815422
-63.80900225724591 38.769193513534624
-65.87014620784456 41.274528550948105
-67.9312901584432 39.23358759451399
-69.99243410904184 37.134785161423935
-72.05357805964047 32.66124785458002
-74.11472201023912 28.720596035915804
-76.17586596083775 28.028590348432456
-78.2370099114364 25.203445323921482
-80.29815386203504 20.324533537387396
-82.35929781263368 16.713015941416884
-84.42044176323232 11.66143587813706
-86.48158571383095 11.93020948885827
-88.5427296644296 9.531482219301248
-90.60387361502823 10.555707875295333
-92.66501756562688 8.74437428475242
-94.72616151622552 8.156388207537374
-96.78730546682415 6.353047733438087
-98.8484494174228 6.416716817517301
-100.90959336802143 6.517266779354541
-102.97073731862008 5.822671516030406
-105.03188126921873 4.301587376619666
-107.09302521981738 -0.24892519214660927
-109.15416917041601 4.962506686950365
-111.21531312101465 4.182855181415735
-113.2764570716133 3.2717643118624595
-115.33760102221193 5.277896246569847
-117.39874497281058 4.516003802906551
-119.45988892340921 3.725522915780184
-121.52103287400786 3.1186759354152507
-123.58217682460649 4.537859037034182
-125.64332077520513 3.1710508036601293
-127.70446472580377 2.552420305148485
-129.76560867640242 1.6785205188553938
-131.82675262700107 1.7964257479350418
-133.8878965775997 3.5699940645884802
-135.94904052819834 2.4130780661320794
-138.01018447879696 3.8469402359552873
-140.07132842939563 3.8851323552517694
-142.13247237999425 3.544722127471395
-144.1936163305929 3.69801945895155
-146.25476028119152 3.7349145813317275
-148.3159042317902 4.803368881112922
-150.37704818238882 2.5552480431685245
-152.43819213298747 3.0464928747386915
-154.4993360835861 3.517441189555821
-156.56048003418474 2.345614502467922
-158.62162398478338 1.7332363767626162
-160.68276793538203 1.8305037191788904
-162.74391188598068 2.3006249898566833
-164.8050558365793 2.644040006814659
-166.86619978717795 1.1483145006919182
-168.9273437377766 2.1689368860542064
-170.98848768837524 3.0256919184677504
-173.04963163897386 1.8626429940131153
-175.1107755895725 3.3412633953746482
-177.17191954017116 1.7193764160869753
-179.2330634907698 2.9502973567355957
-181.29420744136843 2.587942508839446
-183.35535139196708 2.091119186086203
-185.4164953425657 0.9488193744416541
-187.47763929316437 2.4322681526854892
-189.538783243763 1.8710259493156027
-191.59992719436164 1.453526786734137
-193.66107114496026 2.120703361759197
-195.7222150955589 0.6455695402862499
-197.78335904615756 1.200795473227997
-199.8445029967562 1.3839930716476034
-201.90564694735485 1.476810382867726
-203.96679089795347 1.959814941278967
-206.02793484855215 2.225327154789243
-208.08907879915077 1.8092468843545608
-210.15022274974942 2.919589391604339
-212.21136670034804 2.4243966261992522
-214.27251065094669 1.1162093515977998
-216.33365460154533 1.4288064456041367
-218.39479855214398 1.4010953308417269
-220.4559425027426 0.9430018802408684
-222.51708645334125 1.0389900544317299
-224.57823040393987 3.219499943669973
-226.63937435453855 1.30955489492304
-228.70051830513717 1.3246650411269405
-230.7616622557358 1.2985897091981489
-232.82280620633443 0.6955579455975164
-234.88395015693308 1.4622868726847933
-236.94509410753173 1.2557786310931003
-239.00623805813038 1.5729795019183912
-241.06738200872903 0.551288705414899
-243.12852595932765 0.15224959003871325
-245.18966990992632 1.179528288334865
-247.25081386052494 2.8469771226522367
-249.3119578111236 3.5799514567087702
-251.3731017617222 4.064514364349104
-253.43424571232086 2.4925612490928772
-255.4953896629195 4.079010286906368
-257.5565336135181 4.142751506851719
