# BEGINHEADER
# This file contains data from the SALSA 2m radio telescope.
# DATE=2022-12-10T13:14:0022
# GLON and GLAT given in degrees
# GLON=64.81957885503542
# GLAT=0.10151508731177478
# DATA in two columns below. Col. 1 is velocity relative to LSR [km/s]. Col. 2 is uncalibrated antenna temperature [K].
# ENDHEADER
267.5399949979752 2.6405004515513952
265.4788510473765 -4.291467581523561
263.41770709677786 -4.31784488987915
261.3565631461792 -7.312255601438441
259.2954191955806 -8.114144866758483
257.234275244982 -0.9944220931967133
255.17313129438332 -1.143221896613644
253.11198734378468 -4.077181979049398
251.05084339318603 0.8464938538450314
248.98969944258738 4.10086940483885
246.92855549198876 0.7201873026028848
244.8674115413901 -4.692161353996366
242.8062675907915 -13.648804036530343
240.74512364019282 -1.689095967067896
238.6839796895942 -3.3368082977014795
236.62283573899555 1.6900093916892507
234.56169178839693 -0.7743477460983719
232.50054783779825 -4.997994525673163
230.43940388719963 -5.506239113721048
228.37825993660098 9.411204233662335
226.31711598600236 -4.085941723287501
224.25597203540372 -0.5306886520899707
222.19482808480507 -9.079445851896256
220.13368413420642 -0.9619361309002614
218.07254018360777 8.818310204623833
216.01139623300915 -4.062762153472092
213.9502522824105 -0.36347402682768676
211.88910833181185 -5.499216559347157
209.8279643812132 -8.748577818068267
207.7668204306146 5.242538617594449
205.70567648001594 -1.0898977991640608
203.6445325294173 -5.284570214238716
201.58338857881864 -7.159181906109702
199.52224462822002 -4.683389932631497
197.46110067762135 4.943324752594492
195.39995672702273 -6.238174502970535
193.33881277642408 1.2158310879778664
191.27766882582543 -3.7438793229479748
189.21652487522678 -5.0208974161805875
187.15538092462816 -2.2934399280502817
185.0942369740295 4.096037760827954
183.0330930234309 2.4436962749949913
180.97194907283222 -3.044946577401581
178.91080512223357 -6.367096448593595
176.84966117163495 -3.7898848497866955
174.7885172210363 4.247346545912694
172.72737327043768 0.5899743938169526
170.666229319839 5.700371932654228
168.60508536924038 2.7017870304621816
166.54394141864174 2.731243202211823
164.48279746804312 -1.6924810189015376
162.42165351744444 5.575284612556397
160.36050956684582 2.6472318800895893
158.29936561624717 0.007209707045636874
156.23822166564855 -8.155276600990023
154.1770777150499 -2.628422015470335
152.11593376445126 4.251961814270561
150.0547898138526 -2.0190832237261715
147.993645863254 5.240180511172763
145.93250191265534 9.928420410594281
143.87135796205672 -2.600268513421405
141.81021401145804 2.136036689929659
139.7490700608594 1.4726778110943086
137.68792611026078 0.5096943088675387
135.62678215966213 2.305456369682437
133.5656382090635 1.509535404320584
131.50449425846483 3.3614697287297846
129.4433503078662 -0.5574539612552187
127.38220635726758 5.028112461248234
125.32106240666893 3.947438280716684
123.25991845607028 -0.3534387770694447
121.19877450547163 4.639908097714127
119.137630554873 1.2434851833611382
117.07648660427436 2.665626627437454
115.01534265367572 -0.05453143756571994
112.95419870307708 -2.6345156108377643
110.89305475247843 -2.2881453138177448
108.8319108018798 2.888232789653569
106.77076685128115 2.0751753188746047
104.70962290068252 5.121247742078117
102.64847895008388 -4.515201066001023
100.58733499948524 2.552005013318556
98.52619104888662 9.043098225652606
96.46504709828797 -0.9592850140085614
94.40390314768933 -1.2575740381076415
92.34275919709069 9.207630527847021
90.28161524649205 2.846729488696616
88.2204712958934 6.318143264672504
86.15932734529477 -0.8221121597873042
84.09818339469612 -2.3878478780664016
82.03703944409747 7.296325596347655
79.97589549349884 2.4009227175915786
77.91475154290019 5.118338478666097
75.85360759230156 2.039006029453586
73.79246364170291 1.7396913235271791
71.73131969110428 -1.1321171117555966
69.67017574050564 1.5627246905138432
67.609031789907 -2.210685805055477
65.54788783930836 -2.7559798668303066
63.48674388870972 -2.010426094938444
61.42559993811108 2.4073285204013395
59.364455987512436 1.338804827146394
57.303312036913795 -2.482451533246997
55.24216808631515 -0.21589072569078988
53.181024135716505 0.9069608597968839
51.119880185117864 1.4102824198645727
49.05873623451922 1.0267851839629132
46.99759228392058 3.008325257257288
44.93644833332194 0.310396485984461
42.8753043827233 10.079095756329497
40.81416043212466 15.162772244636512
38.753016481526025 7.436728419463373
36.69187253092738 12.124671275741958
34.630728580328736 11.317721970133302
32.569584629730095 27.175770409435316
30.508440679131454 36.01459236456238
28.447296728532816 40.28865864789064
26.386152777934175 59.74533705715793
24.325008827335534 51.77447695894022
22.263864876736896 76.58810980581075
20.20272092613825 78.26246141945433
18.14157697553961 86.89773606731117
16.08043302494097 84.73549055550154
14.01928907434233 85.20283412243506
11.95814512374369 96.98881058256896
9.89700117314505 107.81351180594483
7.835857222546409 110.39553643805417
5.774713271947768 104.54972799481868
3.713569321349127 89.03370265994333
1.6524253707504863 87.23169874984774
-0.4087185798481544 74.39963364568455
-2.469862530446795 60.063562819724666
-4.531006481045436 52.22571237553339
-6.592150431644076 48.800659067665784
-8.653294382242716 39.72541993037157
-10.714438332841357 49.071895418439425
-12.77558228344 32.72163547388996
-14.836726234038641 34.10488449521619
-16.897870184637284 38.10827718669725
-18.959014135235922 25.772655619473376
-21.020158085834563 25.905924924641507
-23.081302036433204 19.194691288640524
-25.142445987031845 13.54330086047607
-27.203589937630486 13.800215382606028
-29.264733888229127 10.212023226458095
-31.32587783882777 2.99311512161054
-33.387021789426406 8.155307623308287
-35.44816574002505 6.651986414590926
-37.50930969062369 6.425026693912482
-39.57045364122233 0.30760078116815764
-41.63159759182098 8.050217792038051
-43.69274154241961 1.9066006773398363
-45.75388549301825 9.017663967467358
-47.81502944361689 12.816468125703873
-49.87617339421553 9.81804402492936
-51.93731734481417 17.419822946200494
-53.99846129541281 18.526610142256843
-56.05960524601145 25.457927452293326
-58.12074919661009 22.9333469990917
-60.181893147208726 24.952172484770923
-62.243037097807374 27.645478843094686
-64.30418104840601 34.92235471315958
-66.36532499900466 33.098836171207395
-68.42646894960329 39.202136176134296
-70.48761290020194 36.37098391040176
-72.54875685080059 27.817253541690135
-74.60990080139922 27.940281098123698
-76.67104475199787 28.37156533446671
-78.7321887025965 11.757027066160882
-80.79333265319514 5.464434976767619
-82.85447660379378 9.406280980973175
-84.91562055439242 3.015907230462502
-86.97676450499107 -3.558533161051143
-89.0379084555897 2.5802824721825686
-91.09905240618835 2.6825054750986044
-93.16019635678698 1.3924436843120365
-95.22134030738562 -3.9412104858476398
-97.28248425798427 0.9625289829909947
-99.34362820858291 -2.678012843624364
-101.40477215918156 6.511529600575255
-103.4659161097802 4.612413075408664
-105.52706006037883 -3.1690304393966833
-107.58820401097748 -6.802438329071141
-109.64934796157613 -5.344476208350195
-111.71049191217477 4.462872004027834
-113.77163586277341 -0.9400540508338933
-115.83277981337204 -9.495455058647448
-117.89392376397069 -5.285918352196239
-119.95506771456932 -3.544907948245436
-122.01621166516797 -8.641041484859889
-124.0773556157666 -0.43568691669198534
-126.13849956636525 -4.467734720090185
-128.1996435169639 -2.1850872596957447
-130.26078746756252 -0.855564450185902
-132.32193141816117 -4.072633716915409
-134.38307536875982 -6.950882960876394
-136.44421931935844 -3.6974593510791207
-138.50536326995712 -6.615234803353425
-140.56650722055574 -7.779303936020087
-142.62765117115438 -9.589094552707472
-144.688795121753 -4.564526785938892
-146.74993907235165 2.159402869544184
-148.8110830229503 -8.171867675382268
-150.87222697354895 -14.346408079742249
-152.93337092414757 -3.7792130819741168
-154.99451487474622 -5.273579566407944
-157.05565882534484 -9.990235001277311
-159.1168027759435 -8.971924071506194
-161.17794672654213 -11.796591270936153
-163.23909067714078 -1.0216330980371007
-165.3002346277394 -6.874273725109373
-167.36137857833808 -1.1327284584392128
-169.42252252893672 -6.864931012852174
-171.48366647953534 -11.439437169894083
-173.544810430134 -5.281339788341553
-175.6059543807326 -9.185382076101535
-177.6670983313313 -3.8575452195470974
-179.7282422819299 -4.372377081526671
-181.78938623252856 -7.115413278837919
-183.85053018312718 -8.031111458306984
-185.91167413372582 -5.183211682952148
-187.97281808432447 -7.329803543117649
-190.03396203492312 -3.206628079486037
-192.09510598552174 -6.142270987227899
-194.1562499361204 -13.728222463936778
-196.21739388671904 -12.436884293332591
-198.27853783731766 -10.876127834851054
-200.33968178791628 -13.191905457481582
-202.40082573851492 -5.4514355661735125
-204.46196968911357 -10.699012813722408
-206.52311363971222 -5.771559973026162
-208.58425759031087 -3.533327575016136
-210.6454015409095 -2.3685781733215054
-212.70654549150814 -8.317261974812098
-214.76768944210679 -11.533440770412538
-216.82883339270543 -12.455955770001996
-218.88997734330405 -7.234400806757192
-220.9511212939027 -11.234314696214769
-223.01226524450135 -9.107563789026491
-225.0734091951 -8.674856527615288
-227.13455314569862 -6.494104306983421
-229.19569709629727 -1.7376529968143535
-231.2568410468959 -3.95591145877899
-233.31798499749456 -2.3152692993187713
-235.37912894809318 -7.691858045539001
-237.44027289869183 -7.62806794305003
-239.50141684929045 -7.253707195932165
-241.5625607998891 -5.10632954102798
-243.62370475048775 -12.1060716619775
-245.6848487010864 -8.534700152660687
-247.74599265168504 -9.24412684986481
-249.80713660228366 -7.02051243368465
-251.86828055288234 2.3745600981200132
-253.92942450348096 -5.069756197941779
-255.9905684540796 -4.505337568503229
-258.05171240467826 -15.108693753050886
