# BEGINHEADER
# This file contains data from the SALSA 2m radio telescope.
# DATE=2022-12-10T13:53:0017
# GLON and GLAT given in degrees
# GLON=39.85105524050939
# GLAT=0.19545226960955225
# DATA in two columns below. Col. 1 is velocity relative to LSR [km/s]. Col. 2 is uncalibrated antenna temperature [K].
# ENDHEADER
269.58528372981976 -5.2523036010271
267.5241397792211 -6.490879970152822
265.46299582862247 5.5227540831087145
263.4018518780238 -0.5539209815549652
261.34070792742517 -2.926728735400255
259.2795639768266 3.6412105521936207
257.21842002622793 6.242020272771781
255.15727607562928 -4.369963991920256
253.09613212503064 0.9808011309858824
251.034988174432 8.1577432312908
248.97384422383337 6.474708860025321
246.91270027323472 -6.721279134547562
244.85155632263607 -16.037442400819113
242.79041237203742 4.5859274857325705
240.7292684214388 2.6414493944430935
238.66812447084016 4.398657096150435
236.6069805202415 0.7085800515924564
234.54583656964286 6.334939340800317
232.4846926190442 2.703571737334286
230.4235486684456 6.927448620831218
228.36240471784694 3.97504806094616
226.30126076724832 7.425167146023579
224.24011681664965 -2.5814590258017445
222.17897286605103 0.3671697975855246
220.11782891545238 5.707805605361257
218.05668496485376 -3.313263042371247
215.99554101425508 5.897575295503858
213.93439706365646 2.3192996874816107
211.8732531130578 7.808012826815293
209.8121091624592 8.135050905991527
207.75096521186055 1.4085886580771232
205.6898212612619 1.5229169553812059
203.62867731066325 13.861738125467461
201.56753336006463 3.381357793639015
199.50638940946598 7.654198082999321
197.4452454588673 -0.6575315409735731
195.38410150826869 9.864403011467298
193.32295755767 10.227327950625076
191.2618136070714 -2.9595764399618014
189.20066965647274 4.157469189937914
187.13952570587412 0.9073517276154824
185.07838175527547 3.3657588839235
183.01723780467682 10.432967150865476
180.95609385407818 0.985822257033694
178.89494990347956 -1.9519464318972264
176.8338059528809 6.892163095318478
174.77266200228226 8.359318921255992
172.7115180516836 6.310962803493345
170.650374101085 9.790606846048828
168.58923015048634 7.985576184405643
166.52808619988772 -0.1707182722053811
164.46694224928905 2.3015288405908745
162.4057982986904 2.8802884865104543
160.34465434809178 -1.8798346085391544
158.28351039749313 4.009806832533823
156.2223664468945 6.574498747371919
154.16122249629584 6.957279237103005
152.10007854569722 6.480879595906915
150.03893459509857 6.108151444008924
147.97779064449995 8.697696384523733
145.91664669390127 6.36063184878427
143.85550274330265 12.134349759832643
141.794358792704 7.5454508440639705
139.73321484210538 3.6754579244665457
137.67207089150673 8.011124848863222
135.6109269409081 3.2026053970969373
133.54978299030944 9.145461492862474
131.48863903971082 12.148276322206604
129.42749508911217 3.6502114067373075
127.36635113851352 11.822882021306933
125.30520718791489 7.615657425076039
123.24406323731624 -0.49813172914776693
121.1829192867176 4.189993573200085
119.12177533611896 6.342334218419694
117.06063138552032 -1.887164645126203
114.99948743492169 1.7435372854274753
112.93834348432304 -1.2763059546110185
110.87719953372441 3.6521869218702276
108.81605558312576 1.191936675803158
106.75491163252713 14.723711217672646
104.69376768192846 11.252058690678092
102.63262373132983 3.51340514362871
100.5714797807312 8.095476476476867
98.51033583013256 7.509744060590056
96.44919187953393 11.848922706057627
94.38804792893528 15.235751270917342
92.32690397833665 10.74536744889133
90.265760027738 20.185377679804066
88.20461607713936 20.60505997028808
86.14347212654071 22.40377598194506
84.08232817594208 25.82616209817639
82.02118422534345 29.852929914509502
79.9600402747448 29.312444129765467
77.89889632414616 35.97884152841305
75.83775237354752 47.923345890754135
73.77660842294888 40.786663103057606
71.71546447235023 54.725030990413316
69.6543205217516 51.40096591973694
67.59317657115297 50.04556566782895
65.5320326205543 59.87549738928927
63.47088866995567 58.90715143726654
61.409744719357036 61.95858109294655
59.348600768758395 59.90980602012623
57.287456818159754 61.93817717829412
55.226312867561106 62.66824779707405
53.165168916962465 60.717072665624094
51.10402496636382 59.68786908545434
49.04288101576518 60.469950165711666
46.98173706516654 57.46486128144462
44.9205931145679 70.99775295828398
42.85944916396926 72.60217241667644
40.79830521337062 63.16695176930531
38.73716126277198 71.92917431215726
36.676017312173336 80.9705894996962
34.614873361574695 82.41832789467432
32.553729410976054 85.6795889844148
30.492585460377413 81.2604643147226
28.43144150977877 69.93480121528094
26.370297559180134 71.9220288437757
24.309153608581493 75.99201462193606
22.24800965798285 74.4073447342851
20.18686570738421 71.30912732573988
18.12572175678557 70.9237371103784
16.06457780618693 65.24848739557008
14.003433855588288 74.02630276793366
11.942289904989648 80.50244913321845
9.881145954391005 86.46355381576032
7.820002003792366 84.01671392554441
5.758858053193725 72.95147993597071
3.6977141025950844 82.68877195967681
1.6365701519964437 58.51584392791434
-0.4245737986021971 47.850469809104794
-2.485717749200838 35.40211068163011
-4.546861699799479 25.68927785907831
-6.60800565039812 24.272654588850198
-8.669149600996759 17.943292846954414
-10.730293551595402 20.94777934422646
-12.791437502194041 20.64846068638332
-14.852581452792684 11.718615675604708
-16.913725403391325 14.412761604092013
-18.974869353989966 19.657122251689955
-21.036013304588604 16.38725503015391
-23.097157255187245 23.345664998743842
-25.158301205785886 12.450545667855218
-27.219445156384527 26.34575723181251
-29.280589106983168 21.178362306091564
-31.34173305758181 28.433002087181926
-33.40287700818045 23.933059596042057
-35.46402095877909 28.740317777383744
-37.52516490937773 29.318480840334228
-39.58630885997637 30.65868211796675
-41.64745281057502 26.589397991438904
-43.70859676117366 22.359912159733565
-45.76974071177229 30.289426380751408
-47.830884662370934 22.43514620657163
-49.89202861296957 20.159400733546956
-51.95317256356821 21.945859192698876
-54.01431651416685 29.384114567542195
-56.07546046476549 19.661694992564673
-58.13660441536413 27.285628808624477
-60.19774836596278 12.012274153459844
-62.258892316561415 5.679586936032923
-64.32003626716005 4.027449942433789
-66.3811802177587 6.315444051809963
-68.44232416835735 8.535933121851428
-70.50346811895598 12.87795205352147
-72.56461206955461 8.18153314236637
-74.62575602015326 -1.6392216381560918
-76.6868999707519 15.329072017720712
-78.74804392135054 4.6882774076393625
-80.80918787194918 6.31126265715784
-82.87033182254781 0.0553867747891114
-84.93147577314646 -3.7369812939399583
-86.9926197237451 1.3058050992247596
-89.05376367434374 -0.7883369682411412
-91.11490762494239 1.339719705567838
-93.17605157554104 3.8843532500796254
-95.23719552613967 -6.916100753117417
-97.2983394767383 -6.321700517101612
-99.35948342733697 -2.009465786426891
-101.4206273779356 -1.5985004467622441
-103.48177132853424 1.9880961964982717
-105.54291527913288 -6.483343268129993
-107.60405922973152 -4.72135574008042
-109.66520318033017 0.29163248745949805
-111.7263471309288 6.630691444000895
-113.78749108152745 4.559486846850111
-115.84863503212608 8.091947214527643
-117.90977898272472 0.7031947622896048
-119.97092293332337 6.830523681539157
-122.032066883922 1.0537009885118693
-124.09321083452065 1.56976824923235
-126.15435478511928 -6.448455485470256
-128.21549873571794 -10.658482302947098
-130.27664268631656 -1.067411735763636
-132.3377866369152 3.9881027960989606
-134.39893058751383 3.5128839634686537
-136.4600745381125 -6.104206510691871
-138.52121848871113 -6.967707470771294
-140.58236243930978 -8.647485582174902
-142.6435063899084 -3.0380015011129684
-144.70465034050704 -2.5387600447403225
-146.76579429110572 3.514729573980917
-148.82693824170434 -0.5100105992808839
-150.888082192303 -4.275714452290401
-152.9492261429016 0.3037883700952089
-155.01037009350028 0.4998799983010241
-157.0715140440989 -2.485656406317564
-159.13265799469755 1.1875045558792372
-161.19380194529617 0.6614794014233405
-163.25494589589482 0.7080033371899492
-165.31608984649347 2.22552842409803
-167.37723379709212 -0.1477957146599066
-169.43837774769074 -3.540007151413831
-171.49952169828939 -1.1051714986428056
-173.560665648888 -1.4327682924042324
-175.62180959948668 -2.614281809636838
-177.6829535500853 -7.183021782382061
-179.74409750068395 -3.836421656646402
-181.80524145128257 -0.6876664810434852
-183.86638540188125 2.348325306181746
-185.9275293524799 -4.302667809883356
-187.9886733030785 0.24470757418534972
-190.04981725367716 0.9188486363846727
-192.11096120427578 -5.673034331570002
-194.17210515487446 -2.7109758635959977
-196.23324910547308 1.301303425897674
-198.2943930560717 1.1023784899106204
-200.35553700667032 -1.1100868492248552
-202.416680957269 -0.9580020752971894
-204.4778249078676 -2.76496569931402
-206.53896885846626 5.545889377294555
-208.60011280906488 -4.665769654280192
-210.66125675966356 -2.974390937497598
-212.72240071026218 -6.060623092085833
-214.78354466086083 -10.674208463595301
-216.84468861145945 -3.6881754370230935
-218.9058325620581 -2.907163136326008
-220.96697651265674 -0.025086401765641655
-223.0281204632554 5.856270754163892
-225.089264413854 -2.8431176879544395
-227.15040836445266 -3.9302330419401432
-229.2115523150513 -2.9270566102576443
-231.27269626564996 -3.616885588637211
-233.3338402162486 -5.134255769747906
-235.39498416684722 -2.2816332460429845
-237.45612811744587 -7.037422599627795
-239.51727206804452 -7.565802361187723
-241.57841601864317 -0.910674693833922
-243.6395599692418 -1.8812344739439544
-245.70070391984044 -2.389776716547025
-247.76184787043906 2.1633277480457243
-249.82299182103773 -1.5775571745509072
-251.88413577163635 4.2752364298888
-253.945279722235 3.105896197495777
-256.00642367283365 3.418419583197746
