# BEGINHEADER
# This file contains data from the SALSA 2m radio telescope.
# DATE=2022-12-10T13:06:0052
# GLON and GLAT given in degrees
# GLON=69.84543907065247
# GLAT=0.13629953692351862
# DATA in two columns below. Col. 1 is velocity relative to LSR [km/s]. Col. 2 is uncalibrated antenna temperature [K].
# ENDHEADER
267.0918121699845 1.2582645312470886
265.03066821938586 3.2377703860050815
262.9695242687872 5.259489273375684
260.90838031818856 -4.826995327921443
258.8472363675899 -5.467589631681864
256.78609241699127 0.9935168739284062
254.72494846639265 -0.3663990319430244
252.663804515794 2.675931095733356
250.60266056519535 6.923027104298917
248.5415166145967 2.543496137817256
246.48037266399808 -1.6608258550954396
244.41922871339943 -13.633977907300597
242.35808476280081 -16.637959094917168
240.29694081220214 5.8325006074195676
238.23579686160352 -1.823043284141319
236.17465291100487 4.115607641526428
234.11350896040625 4.5678506789259785
232.0523650098076 7.01605835787834
229.99122105920895 4.545915533997285
227.9300771086103 -4.636306985957714
225.86893315801169 -4.036313502612353
223.80778920741304 -7.68079068244076
221.7466452568144 -6.100054981157345
219.68550130621574 2.6759717159392635
217.62435735561712 8.237133155135865
215.56321340501847 3.0366456264236072
213.50206945441982 4.203060950509067
211.44092550382118 -0.1804584237258371
209.37978155322253 0.5314994282290427
207.3186376026239 13.22726392083167
205.25749365202526 6.533635050642825
203.19634970142664 14.600336945048499
201.13520575082796 -2.138045121725788
199.07406180022934 9.190561937442226
197.01291784963067 17.210000723072895
194.95177389903205 4.81493290766139
192.8906299484334 1.7487672297758978
190.82948599783478 4.876036111001894
188.7683420472361 1.4444354950901617
186.70719809663748 -0.10506028819325146
184.64605414603884 2.197648948636693
182.58491019544022 -5.655028708138882
180.52376624484154 7.4659120230885865
178.4626222942429 -0.45272488207350525
176.40147834364427 -4.6663881385045425
174.34033439304562 11.460022089398313
172.279190442447 1.9950658398413446
170.21804649184833 3.113943351641381
168.1569025412497 0.9086167999093001
166.09575859065106 -1.9659315988833104
164.03461464005244 7.15866983915097
161.9734706894538 2.3171355934773614
159.91232673885514 5.549805560086718
157.8511827882565 5.372580353112689
155.79003883765787 1.3973707768909882
153.72889488705923 6.824416157879142
151.66775093646058 3.842893599141202
149.60660698586193 6.150450195286341
147.5454630352633 4.9709844470172735
145.48431908466466 4.849945853890521
143.42317513406604 -3.7205618531940408
141.36203118346737 4.634606257536541
139.30088723286872 10.637768700491188
137.2397432822701 -2.1509366241314676
135.17859933167145 6.247379730179532
133.11745538107283 -4.397640666985405
131.05631143047418 2.4183770089902348
128.99516747987553 6.199456733858871
126.9340235292769 7.397104173053796
124.87287957867825 -1.042510703317251
122.81173562807962 8.44655476445608
120.75059167748098 7.534452051436955
118.68944772688232 2.4816258725765272
116.62830377628369 10.117319219277954
114.56715982568504 0.21453104633901232
112.5060158750864 -3.401344733711589
110.44487192448776 -0.5746139859838435
108.38372797388912 2.108798640921962
106.32258402329049 2.4585740570026826
104.26144007269184 4.036135313940092
102.2002961220932 6.711365837205654
100.13915217149456 11.760629413506601
98.07800822089594 -1.9466168887188475
96.01686427029729 3.963336270769922
93.95572031969866 -0.04104357426481841
91.89457636910001 0.1054624514645144
89.83343241850137 6.793203130804184
87.77228846790273 5.33040543751322
85.71114451730409 5.980596109012403
83.65000056670546 3.6375566512404776
81.58885661610681 5.8413247222143365
79.52771266550816 7.4609302323932125
77.46656871490951 3.616266162280691
75.40542476431088 6.513126651768435
73.34428081371225 9.299381223981815
71.2831368631136 3.532702206218616
69.22199291251496 6.288266023400711
67.16084896191632 2.029438315252304
65.09970501131768 7.165631355431285
63.03856106071904 2.5567873704902313
60.9774171101204 3.5876574919270667
58.91627315952176 -4.78320799746977
56.85512920892312 2.0705653664615395
54.793985258324476 10.289224316721128
52.73284130772584 13.704950194939881
50.671697357127194 2.502549858771663
48.610553406528545 5.030374535977596
46.549409455929904 1.6116498277480376
44.48826550533126 0.8831134806296369
42.42712155473262 8.620597548290693
40.36597760413399 5.176502309275266
38.30483365353535 0.6207997499551573
36.243689702936706 6.158409826865199
34.182545752338065 14.320846321787025
32.12140180173942 7.925835164169754
30.060257851140783 15.143386532870586
27.999113900542138 15.30180546851317
25.937969949943497 14.792167853132167
23.87682599934486 27.733381121925145
21.81568204874622 38.12564037966757
19.754538098147577 56.018418715915246
17.693394147548936 65.57021377509581
15.632250196950295 79.15819417130335
13.571106246351654 98.21863780256757
11.509962295753017 112.94808888127201
9.448818345154374 127.25550105335441
7.3876743945557335 118.90491567030998
5.3265304439570915 120.00923321255044
3.2653864933584513 112.11584341495859
1.2042425427598105 103.33130354473431
-0.8569014078388302 91.13699849235356
-2.918045358437471 81.31902860026176
-4.979189309036112 78.87372703741164
-7.040333259634752 61.984998170543726
-9.101477210233393 50.64333437071553
-11.162621160832034 45.1784980104439
-13.223765111430676 44.30085492333255
-15.284909062029316 42.124430214297426
-17.346053012627955 39.00357905806413
-19.407196963226596 39.183087092713706
-21.46834091382524 38.55159300095603
-23.52948486442388 32.8131999667656
-25.59062881502252 34.430143755450864
-27.65177276562116 28.25316377785715
-29.712916716219805 21.680152231180344
-31.774060666818443 22.526954355918264
-33.835204617417084 18.242197840178267
-35.896348568015725 18.13700149395729
-37.957492518614366 12.522050756078963
-40.01863646921301 11.391857902626802
-42.07978041981164 18.13387637613239
-44.14092437041028 12.182788792090033
-46.20206832100893 7.1924170059796735
-48.26321227160757 19.809714985622303
-50.324356222206205 26.969851983024107
-52.385500172804846 19.668764035196627
-54.44664412340349 25.93584693794791
-56.50778807400213 22.2292042764155
-58.56893202460076 21.916419418358963
-60.630075975199404 34.82820206158668
-62.691219925798045 32.46162308083519
-64.75236387639669 48.242705880948606
-66.81350782699532 44.91081915625598
-68.87465177759397 44.99441093304578
-70.9357957281926 38.78032653006407
-72.99693967879125 40.068578619475296
-75.0580836293899 31.578979416894214
-77.11922757998855 22.948224326612536
-79.18037153058718 28.456000937417823
-81.24151548118581 19.243396762856474
-83.30265943178446 8.593923216544116
-85.3638033823831 4.463262727262208
-87.42494733298174 1.9251694236572212
-89.48609128358038 7.967569596830756
-91.54723523417903 9.247244098460959
-93.60837918477766 -0.01692276447416367
-95.6695231353763 -1.273081240832089
-97.73066708597494 8.27088574609807
-99.79181103657359 0.40083305511077477
-101.85295498717223 3.2640628672983762
-103.91409893777087 6.3131019589178266
-105.97524288836951 -6.250819692848029
-108.03638683896816 -11.339714626998848
-110.09753078956679 4.338486423635213
-112.15867474016545 3.3799448293043963
-114.21981869076409 1.4753210053503383
-116.28096264136272 2.0202925850132227
-118.34210659196137 0.6224074198816937
-120.40325054256 -2.8170664865347814
-122.46439449315865 0.2625455090497787
-124.52553844375728 -5.289872824630633
-126.58668239435593 1.2667945466377175
-128.64782634495455 -4.178628532742334
-130.7089702955532 -5.029606031753246
-132.77011424615185 -2.1961947763754157
-134.8312581967505 -2.5378233729441333
-136.89240214734912 -2.1018757188556583
-138.9535460979478 -2.9915928000888687
-141.0146900485464 6.316405717968374
-143.07583399914506 -3.9028078103783717
-145.13697794974368 -5.552794548775689
-147.19812190034233 4.181100858739529
-149.25926585094098 2.7256449853665066
-151.32040980153963 1.510768972684563
-153.38155375213825 0.15004225800235596
-155.4426977027369 0.9984952848822299
-157.5038416533355 4.2284498522459675
-159.5649856039342 -6.315332574355576
-161.6261295545328 -6.124401199716037
-163.68727350513146 1.6258378440863084
-165.74841745573008 -1.0698547040830821
-167.80956140632875 4.379161215901217
-169.8707053569274 -1.540118678215026
-171.93184930752602 -3.205442084925097
-173.99299325812467 -1.132794634144147
-176.0541372087233 -1.4838894522183999
-178.11528115932197 2.853447165882391
-180.1764251099206 -3.3672101286673337
-182.23756906051923 -1.6195603780808325
-184.29871301111785 0.5718625936199553
-186.3598569617165 -3.5443444885547084
-188.42100091231515 0.0036723607858320266
-190.4821448629138 0.6329592634770616
-192.54328881351242 -11.55423978159378
-194.60443276411107 -0.32864181884386817
-196.6655767147097 0.6719029277855106
-198.72672066530833 -4.133718448393605
-200.78786461590695 1.550674644608776
-202.8490085665056 1.370023798450936
-204.91015251710425 -1.7376410090747172
-206.9712964677029 -5.656460486214838
-209.03244041830152 1.8098299516232468
-211.09358436890017 3.399135319273226
-213.15472831949882 -3.405660803267446
-215.21587227009746 0.5644738841415906
-217.2770162206961 -4.830475198080947
-219.33816017129473 -2.364200460675428
-221.39930412189338 -5.160302107340009
-223.46044807249203 3.0691762993051643
-225.52159202309068 -0.8832762394116437
-227.5827359736893 1.5500983222798925
-229.64387992428794 -5.243907982243485
-231.70502387488656 -4.285166100415668
-233.76616782548524 8.146464179761393
-235.82731177608386 2.683418552130893
-237.8884557266825 -0.5812840515653935
-239.94959967728113 -7.438004539439623
-242.01074362787978 3.6988019782416934
-244.07188757847842 -4.8996533838289285
-246.13303152907707 -3.9020257409521384
-248.1941754796757 2.4092592435165465
-250.25531943027434 -1.3467774213045922
-252.316463380873 6.849211358859389
-254.37760733147164 1.4526283176387131
-256.43875128207026 -2.634053068313007
-258.4998952326689 4.506219128364479
