# BEGINHEADER
# This file contains data from the SALSA 2m radio telescope.
# DATE=2022-12-10T14:23:0000
# GLON and GLAT given in degrees
# GLON=19.828300045889907
# GLAT=0.2976605885719273
# DATA in two columns below. Col. 1 is velocity relative to LSR [km/s]. Col. 2 is uncalibrated antenna temperature [K].
# ENDHEADER
270.6609777546589 5.76073078415259
268.59983380406027 7.465219708050467
266.5386898534616 7.484888974411684
264.47754590286297 9.575808178751469
262.4164019522643 7.874076587147352
260.3552580016657 7.217680262666667
258.294114051067 0.9393803517594687
256.23297010046844 19.122583025560044
254.1718261498698 6.528874459346553
252.11068219927114 -0.37523548783790356
250.04953824867246 11.816656295083815
247.98839429807384 1.5414956066203607
245.9272503474752 -2.9114504024064196
243.86610639687657 8.787020600903354
241.80496244627793 5.793570243303537
239.74381849567928 8.463097891735007
237.68267454508063 10.230987017185596
235.621530594482 12.85399427105557
233.56038664388336 6.5076115201979405
231.4992426932847 6.905319465032855
229.43809874268607 11.255273951413386
227.37695479208745 2.754052761015504
225.3158108414888 -1.7227713638341704
223.25466689089018 -4.213388177524781
221.1935229402915 4.742031673871434
219.13237898969288 10.632267948048337
217.07123503909423 12.437203011215368
215.0100910884956 5.463369327503509
212.94894713789697 0.37982825229053646
210.8878031872983 11.533415830015159
208.82665923669967 13.664389289853812
206.76551528610102 10.95183292862112
204.7043713355024 11.790178521094962
202.64322738490372 7.062446637865886
200.5820834343051 6.215037984369222
198.52093948370646 10.414864135994424
196.45979553310784 9.551192819990469
194.3986515825092 12.912972067263997
192.33750763191054 9.314867381989265
190.2763636813119 5.061496647081915
188.21521973071327 3.973533780045333
186.15407578011462 7.331633592190367
184.092931829516 4.955354458325298
182.03178787891733 7.937788831734977
179.9706439283187 4.077217337541323
177.90949997772006 11.444267786649922
175.84835602712144 9.592107047835553
173.7872120765228 13.682721648220596
171.72606812592412 17.117710592750274
169.6649241753255 14.743639377581648
167.60378022472685 6.33433322397926
165.54263627412823 7.286465706952026
163.48149232352955 7.888335323487723
161.42034837293093 13.11934199033277
159.35920442233228 6.802321377321943
157.29806047173366 6.564564252034329
155.23691652113502 10.835667149169941
153.17577257053637 10.97548429900887
151.11462861993772 14.764654997440939
149.0534846693391 13.84677240090766
146.99234071874045 10.39460892694243
144.93119676814183 10.407697136365789
142.87005281754315 18.53001758279543
140.80890886694453 13.375866350011968
138.7477649163459 9.58965584647013
136.68662096574727 13.716072227218417
134.6254770151486 9.155199089012877
132.56433306454994 9.150081347789103
130.50318911395132 15.787964615320197
128.44204516335267 13.683060892236641
126.38090121275404 9.39887027461249
124.3197572621554 14.083894022401148
122.25861331155676 23.01755317935846
120.19746936095812 20.87128716346871
118.13632541035949 15.608879926017961
116.07518145976083 19.104467763281395
114.0140375091622 21.306871294592177
111.95289355856355 19.667629591286723
109.89174960796491 24.35712004103429
107.83060565736626 23.01834573563847
105.76946170676763 17.809936349929853
103.708317756169 24.03881758229094
101.64717380557035 14.812758158809483
99.58602985497171 24.517904911718194
97.52488590437306 20.630029866298933
95.46374195377443 29.681892519851733
93.40259800317578 29.514534682271023
91.34145405257715 24.94837383890456
89.28031010197851 27.02098410092246
87.21916615137987 21.134415418976364
85.15802220078123 23.968469242596736
83.09687825018258 25.11737228697091
81.03573429958395 28.82646392363788
78.9745903489853 25.17296071136568
76.91344639838665 29.15590509285917
74.85230244778802 25.129955072026334
72.79115849718937 32.29065830814418
70.73001454659074 28.744465840538226
68.66887059599209 34.44127164341745
66.60772664539346 36.94642040420179
64.54658269479482 40.204951709715296
62.48543874419617 42.10007791551153
60.42429479359753 40.130881322493124
58.36315084299889 48.90082291958481
56.30200689240026 42.0541210958634
54.240862941801616 33.76648282187593
52.179718991202975 47.11106884095327
50.118575040604334 40.70569809012145
48.05743109000568 53.45603820047727
45.99628713940704 44.105777111007015
43.935143188808404 40.259037930142156
41.87399923820976 51.49663747555378
39.81285528761112 52.50712602345034
37.75171133701248 50.86858310034671
35.69056738641384 48.97058092274652
33.6294234358152 53.54117612312841
31.568279485216557 61.44951880992174
29.507135534617916 55.89822938635633
27.44599158401928 59.33071156293671
25.384847633420637 66.7456271048618
23.323703682821993 73.25850355966709
21.262559732223355 72.33991900573372
19.201415781624714 86.53775916867451
17.140271831026073 82.17236969993681
15.079127880427432 87.78759119513629
13.017983929828793 83.22724886440623
10.956839979230152 79.45491428765555
8.89569602863151 82.75134217131546
6.8345520780328695 84.97055621898623
4.773408127434229 78.5697941374855
2.712264176835588 80.60127711980037
0.6511202262369471 74.80026433287205
-1.4100237243616938 67.05171926404333
-3.4711676749603346 48.24035743147487
-5.532311625558975 42.95928679232719
-7.593455576157615 37.941803649746554
-9.654599526756256 32.482479222721885
-11.715743477354899 40.36318342830276
-13.77688742795354 30.587927762078237
-15.838031378552179 35.068820083359476
-17.89917532915082 31.72857954043158
-19.96031927974946 26.88401624542902
-22.0214632303481 36.75648634940372
-24.082607180946745 27.59004348145374
-26.143751131545386 30.39706878620908
-28.204895082144024 27.937245853851717
-30.266039032742665 29.148719887844848
-32.32718298334131 26.796023415082406
-34.38832693393995 24.350732876183635
-36.44947088453859 19.580621777790263
-38.510614835137225 20.375632470862374
-40.57175878573587 12.757759166756973
-42.63290273633451 14.576049917840454
-44.69404668693315 7.041275298523034
-46.75519063753179 5.573469451960599
-48.81633458813044 7.164427991148366
-50.87747853872907 6.486494588884298
-52.93862248932771 10.703300851048281
-54.99976643992635 4.761827634967675
-57.06091039052499 6.21559272754307
-59.12205434112363 9.52403416597298
-61.18319829172227 8.481469072496822
-63.24434224232091 2.200789209265558
-65.30548619291956 6.444030950692363
-67.3666301435182 2.621027691870044
-69.42777409411683 5.5609379560146435
-71.48891804471548 3.823729826651882
-73.55006199531411 2.4086738674702852
-75.61120594591274 3.8570946835046933
-77.6723498965114 -2.666416591549697
-79.73349384711004 2.5851988056269786
-81.79463779770869 -1.851492403724344
-83.85578174830732 3.8323121387783416
-85.91692569890597 3.635170384113487
-87.9780696495046 1.737089786121405
-90.03921360010324 2.3563446733742093
-92.10035755070189 1.7231407617417183
-94.16150150130052 2.8698281130694454
-96.22264545189917 2.193239973511335
-98.2837894024978 -1.579966210720143
-100.34493335309645 4.272018518778509
-102.40607730369508 3.9198938159063634
-104.46722125429372 1.7698367663129433
-106.52836520489237 7.421017944995562
-108.589509155491 3.3604385098715333
-110.65065310608965 -0.9903118041847788
-112.71179705668828 5.54162093818527
-114.77294100728693 -1.6977161337236075
-116.83408495788558 8.173434763446084
-118.89522890848421 0.07430868725601344
-120.95637285908286 1.3397208920733001
-123.0175168096815 0.6190404863886612
-125.07866076028014 2.682102059958061
-127.13980471087878 2.5634943303427042
-129.2009486614774 8.083435452081387
-131.26209261207606 0.16952647346365993
-133.32323656267468 -2.6779529835819007
-135.38438051327333 2.1891144464457706
-137.445524463872 1.1258995439246684
-139.50666841447062 2.980226164605215
-141.56781236506927 3.8559577883869656
-143.6289563156679 -0.37856811463493867
-145.69010026626654 7.644243387980198
-147.7512442168652 6.596168372902391
-149.81238816746384 0.6583883504125496
-151.87353211806246 3.026918263247113
-153.9346760686611 8.091078255234052
-155.99582001925975 -0.2822041267673938
-158.0569639698584 2.399501034437343
-160.11810792045702 -3.2238552484795613
-162.17925187105567 -2.6510593618534126
-164.2403958216543 -0.1292309530752836
-166.30153977225297 1.9606755758037708
-168.36268372285159 2.368624731062974
-170.42382767345023 0.7045324260093736
-172.48497162404885 6.9204794534596505
-174.5461155746475 12.212979103211284
-176.60725952524618 4.650839965011856
-178.6684034758448 1.9628574911767496
-180.72954742644345 0.5200719600331984
-182.79069137704207 4.319999032009464
-184.85183532764074 0.33125746016064533
-186.91297927823936 -2.678751550512778
-188.974123228838 -1.1542303395850726
-191.03526717943663 8.173752113454025
-193.09641113003528 8.6163918693055
-195.15755508063393 1.7090464438595163
-197.21869903123257 0.3248634021943098
-199.2798429818312 -2.569234021096275
-201.34098693242984 6.829567907013502
-203.40213088302846 9.441970549610792
-205.46327483362714 -3.7810560524899737
-207.52441878422576 8.538734293400134
-209.5855627348244 -0.37135588547153137
-211.64670668542303 2.4547846026652795
-213.70785063602167 -0.7835150075785602
-215.76899458662035 6.471652932981296
-217.83013853721897 -0.43287856438200484
-219.89128248781762 -5.109947856819831
-221.95242643841624 1.5447019584803332
-224.01357038901492 1.7848986714016342
-226.07471433961354 1.8529487436824104
-228.13585829021218 2.2783702102105203
-230.1970022408108 3.9259932313881234
-232.25814619140945 7.299329708040777
-234.3192901420081 -5.322555697581264
-236.38043409260675 3.1521014407810553
-238.44157804320537 9.813185328979806
-240.50272199380402 1.0394134364420988
-242.56386594440264 6.5672414346167605
-244.6250098950013 -0.7827401557378633
-246.68615384559993 8.899439971176573
-248.74729779619858 2.4707937871136827
-250.8084417467972 0.3698046219513
-252.86958569739588 8.617891057393276
-254.93072964799453 4.973726649975913
