# BEGINHEADER
# This file contains data from the SALSA 2m radio telescope.
# DATE=2022-12-10T12:54:0030
# GLON and GLAT given in degrees
# GLON=79.87394059379326
# GLAT=0.10307199024119514
# DATA in two columns below. Col. 1 is velocity relative to LSR [km/s]. Col. 2 is uncalibrated antenna temperature [K].
# ENDHEADER
266.0974779909885 -11.49834521188391
264.0363340403899 -14.702824742973656
261.9751900897912 -3.8802598911171984
259.9140461391926 -4.926703605719033
257.852902188594 -11.44177007739811
255.7917582379953 -6.4413511377520845
253.73061428739666 -2.929018705608992
251.66947033679804 -8.890055850836601
249.6083263861994 -7.901269029533878
247.54718243560077 -9.412427043601832
245.4860384850021 -8.089521251792654
243.42489453440345 -35.420320709650134
241.36375058380483 -30.63716663795925
239.30260663320618 -9.027884766929626
237.24146268260756 -18.356921155333797
235.18031873200889 -6.386454169151902
233.11917478141027 -13.792238378583571
231.05803083081162 -5.157087273025462
228.996886880213 -9.470764255645209
226.93574292961435 -0.48667985178513185
224.8745989790157 -11.91458911503911
222.81345502841705 -3.3206872578176014
220.75231107781843 -20.35789818849603
218.69116712721979 -9.655741570762908
216.63002317662114 0.0407956915699683
214.5688792260225 -12.111653040836432
212.50773527542387 -6.164107583534717
210.44659132482522 -6.1568139204700705
208.3854473742266 -7.277422506921435
206.32430342362792 -10.247175103334175
204.26315947302928 -5.088985079308541
202.20201552243066 -2.9721321819334863
200.140871571832 -11.380470056373106
198.0797276212334 -11.539513999672158
196.0185836706347 -8.950216911147649
193.9574397200361 -4.64315225351013
191.89629576943744 -2.446427685828878
189.83515181883882 0.22952627767974484
187.77400786824015 0.08510291699907865
185.71286391764153 -6.820648453903915
183.65171996704288 -0.14962436187236283
181.59057601644426 -1.8949332472624414
179.5294320658456 -0.8605052720523989
177.46828811524696 -8.451300222997851
175.40714416464832 -8.40595481151274
173.3460002140497 -3.989358060729328
171.28485626345105 -8.741829094318359
169.22371231285243 -7.41860741345469
167.16256836225375 6.052176725668642
165.1014244116551 2.522914232199008
163.04028046105648 -7.946237518704094
160.97913651045783 2.864557971807718
158.9179925598592 -7.663962561058285
156.85684860926054 6.083356834257137
154.79570465866192 -0.27216710781521686
152.73456070806327 -11.623541752120154
150.67341675746465 4.8379922781352995
148.61227280686597 -2.6853397885637786
146.55112885626735 8.39504895360431
144.4899849056687 -2.5683549839541766
142.4288409550701 -0.18654028835994402
140.36769700447144 5.775738168658375
138.3065530538728 -0.18235628536852816
136.24540910327414 2.5325916687729655
134.18426515267552 -4.486644690102655
132.12312120207687 -13.878566183967312
130.06197725147823 -6.786731255181201
128.0008333008796 0.15540367150859427
125.93968935028094 1.6189171680499044
123.87854539968231 2.902509555507522
121.81740144908366 0.8625437020826345
119.75625749848503 -2.8862418370371956
117.69511354788638 -5.732139311552506
115.63396959728775 1.764797935173501
113.57282564668911 -3.630525528527792
111.51168169609046 -5.087866107690423
109.45053774549183 -6.011604445908581
107.38939379489317 -1.7193648965927733
105.32824984429453 7.075136105766481
103.26710589369588 5.863263324263742
101.20596194309725 3.465823240239922
99.14481799249862 -2.9215239792186747
97.08367404189998 0.8935185167704499
95.02253009130135 -3.6797945254487487
92.9613861407027 -4.40307445994063
90.90024219010407 -0.40066921158781144
88.83909823950542 -5.106946070555678
86.77795428890678 -11.189307010129156
84.71681033830814 1.0727141711290133
82.6556663877095 -1.4606455809868049
80.59452243711087 0.26240790888872406
78.53337848651222 -1.5766061486593197
76.47223453591359 -4.38504277106902
74.41109058531494 -3.8071471208199426
72.3499466347163 -3.633633435699907
70.28880268411766 -3.73419467774013
68.22765873351901 6.671438655697748
66.16651478292037 -6.36522640819772
64.10537083232173 1.43340637886046
62.04422688172309 -6.450250331231684
59.98308293112446 -4.808177705243832
57.92193898052581 4.525468363321559
55.86079502992717 0.01898828839511945
53.79965107932853 -1.8362792929284517
51.738507128729886 -3.6354665054775346
49.677363178131245 0.018438593274236744
47.61621922753261 1.2092500581445433
45.55507527693397 -2.467901867363589
43.49393132633533 -1.279219512128472
41.43278737573669 -3.2876531378329554
39.37164342513804 -3.4232510917996275
37.3104994745394 0.17149048161447228
35.24935552394076 -7.5063517412987695
33.18821157334212 -3.4406963492801603
31.12706762274348 8.13006662751246
29.06592367214484 3.542038349991185
27.0047797215462 1.8277086892211256
24.943635770947555 7.1879617556133635
22.882491820348914 1.6409559788306511
20.821347869750273 16.867681650397287
18.760203919151632 32.18639188737909
16.699059968552994 44.925085575172616
14.637916017954351 56.75591962452563
12.57677206735571 84.0064434728619
10.51562811675707 85.47859037026564
8.454484166158428 97.3103738863047
6.393340215559788 107.65359788756922
4.332196264961148 104.48815060065829
2.2710523143625068 91.56580835146335
0.20990836376386604 89.15469482695678
-1.8512355868347747 93.47401595402113
-3.912379537433415 89.58694223033656
-5.973523488032056 91.73424058063128
-8.034667438630699 77.32277454715542
-10.095811389229338 74.98916187140105
-12.156955339827979 59.17197385213952
-14.218099290426618 49.939944115740346
-16.27924324102526 36.39876911751969
-18.3403871916239 31.073154610078188
-20.40153114222254 30.634172828934407
-22.462675092821186 26.557665287115533
-24.523819043419824 20.856043845144846
-26.58496299401846 20.433883431101865
-28.646106944617102 29.396117193614042
-30.707250895215743 25.48887145509243
-32.768394845814385 23.271474995156428
-34.829538796413026 32.873925291996066
-36.89068274701166 33.47969510398774
-38.95182669761031 30.919756883536802
-41.01297064820895 35.310746397182456
-43.07411459880759 26.244846432902087
-45.13525854940623 25.715033748475598
-47.19640250000487 22.023472726232335
-49.257546450603506 27.81106746038111
-51.31869040120215 14.847375249437013
-53.37983435180079 13.84285435022685
-55.44097830239943 11.699054720862264
-57.50212225299808 15.979066564005912
-59.56326620359672 19.542058875235245
-61.62441015419536 20.03073899559615
-63.685554104793994 21.215424383286706
-65.74669805539264 24.66608024264846
-67.80784200599128 28.153052796089074
-69.86898595658991 35.353089178972986
-71.93012990718856 33.86870708415878
-73.99127385778719 29.791384556736784
-76.05241780838584 29.97323792910736
-78.11356175898447 24.397882666674224
-80.17470570958312 22.32039611327458
-82.23584966018176 21.129647004788367
-84.29699361078039 21.214188852526803
-86.35813756137905 9.382590476237167
-88.41928151197769 8.704133994956246
-90.48042546257633 10.393372884907775
-92.54156941317497 9.93585225391072
-94.60271336377362 9.313668443135516
-96.66385731437225 4.260583223470689
-98.72500126497089 -1.6008962351804283
-100.78614521556955 -5.014924925648215
-102.84728916616818 -1.1960996704897928
-104.90843311676682 1.7711363692628919
-106.96957706736546 -5.241764082210602
-109.0307210179641 -10.974731244814377
-111.09186496856275 -7.578420464620053
-113.15300891916138 -9.460956262451832
-115.21415286976003 -4.019958805447209
-117.27529682035866 1.865371330286394
-119.3364407709573 -2.3806778036298453
-121.39758472155594 -3.4287234976201044
-123.45872867215458 2.002397316384803
-125.51987262275324 -0.9163731378961888
-127.58101657335187 -8.898030015937302
-129.6421605239505 -7.053093610542263
-131.70330447454916 -3.7088073193504094
-133.7644484251478 -6.482869342177096
-135.82559237574642 -6.506049397191657
-137.88673632634507 -4.3525734043937465
-139.9478802769437 0.7772184280177689
-142.00902422754237 -4.639557999383168
-144.07016817814102 -11.101983948177141
-146.13131212873964 -7.399618834537906
-148.19245607933829 -3.9332503875448857
-150.2536000299369 -6.905958893028828
-152.31474398053558 -4.301947388260736
-154.3758879311342 -10.54656117379894
-156.43703188173285 -7.825303127384993
-158.49817583233147 -5.92575769172274
-160.55931978293012 -0.5120322272694748
-162.62046373352877 -7.846456695416059
-164.6816076841274 -6.184236323422859
-166.74275163472603 -5.190980007727779
-168.80389558532468 -7.48507751818346
-170.86503953592333 -7.5320585879878434
-172.92618348652198 -11.149141675068028
-174.9873274371206 -8.300921559677079
-177.04847138771925 -5.039785465414246
-179.10961533831787 -8.281405224761476
-181.17075928891654 -5.092588990680576
-183.2319032395152 -10.843630540944384
-185.2930471901138 -8.546717111373674
-187.35419114071246 -6.617717180320766
-189.41533509131108 -4.450394143103291
-191.47647904190976 -4.968922930980667
-193.53762299250837 -11.334903523166311
-195.59876694310702 -6.228052765255484
-197.65991089370564 -10.839613081941453
-199.72105484430432 -2.1330620536370466
-201.78219879490294 -0.39853825205865767
-203.8433427455016 -8.087920614632626
-205.9044866961002 -8.903348224885821
-207.96563064669886 -6.138675820211927
-210.0267745972975 -8.918293608992863
-212.08791854789615 -16.252984646228416
-214.14906249849477 -1.870580234469529
-216.21020644909342 -1.2719308880033453
-218.27135039969204 -11.926395184255442
-220.33249435029072 -10.50726206554134
-222.39363830088936 -11.698911603137896
-224.45478225148798 -11.29353617068204
-226.51592620208663 -4.518279172335766
-228.57707015268528 -8.505773614551412
-230.63821410328393 -7.869700695338926
-232.69935805388255 -8.114391834493462
-234.7605020044812 -10.69547755621545
-236.82164595507982 -11.684148937582314
-238.8827899056785 -3.7062573924806634
-240.9439338562771 -9.740171369283935
-243.00507780687576 -15.58746652205747
-245.06622175747438 -10.540538220768548
-247.12736570807303 -10.097918703187021
-249.18850965867168 -3.261318936401259
-251.24965360927033 -8.81829431512063
-253.31079755986894 -2.6206300126981192
-255.3719415104676 2.571277404790863
-257.43308546106624 -5.78216285482741
-259.4942294116649 -11.500696004537529
