# BEGINHEADER
# This file contains data from the SALSA 2m radio telescope.
# DATE=2022-12-10T15:17:0036
# GLON and GLAT given in degrees
# GLON=14.861954877044361
# GLAT=0.25594715001368
# DATA in two columns below. Col. 1 is velocity relative to LSR [km/s]. Col. 2 is uncalibrated antenna temperature [K].
# ENDHEADER
270.8069613355273 1.3018065147863807
268.7458173849287 -0.6040808699052068
266.68467343433 -0.1283177622781715
264.6235294837314 5.180512658006597
262.5623855331328 5.275993376216056
260.50124158253413 4.918879634404479
258.4400976319355 6.427509832559712
256.37895368133684 0.12038060851211202
254.3178097307382 3.3436510607831798
252.25666578013957 -0.5862333254781498
250.1955218295409 6.882956764461334
248.13437787894227 -18.25164350168661
246.07323392834363 -25.888779703980227
244.012089977745 6.798832034404222
241.95094602714636 8.382503843254959
239.8898020765477 5.429862461773711
237.82865812594906 2.9854606620886988
235.76751417535044 -4.3130099855464525
233.7063702247518 3.9886664567383314
231.64522627415317 -1.5778325578597985
229.5840823235545 -5.493771338615034
227.52293837295588 9.18558443362199
225.46179442235723 -11.562921754566622
223.4006504717586 -3.9162926047288513
221.33950652115993 7.1039522925448155
219.27836257056128 5.88012861706333
217.21721861996267 6.4513583443214175
215.15607466936402 -0.42781684873851183
213.0949307187654 6.488720755582382
211.03378676816672 0.552562010859043
208.9726428175681 5.491322797295128
206.91149886696945 6.562618192788098
204.85035491637083 2.7993459972025643
202.78921096577218 1.772418602395424
200.72806701517354 2.553882386577159
198.6669230645749 4.134613260063843
196.60577911397627 0.8243197000772479
194.54463516337762 6.831748338515486
192.48349121277897 11.56609467952148
190.42234726218032 5.85329716271604
188.3612033115817 6.168173888622313
186.30005936098306 4.340164456781479
184.23891541038444 9.01067300451718
182.17777145978576 5.091851237038545
180.1166275091871 0.6662538221187889
178.0554835585885 8.368629808731555
175.99433960798984 5.706551063186834
173.93319565739122 12.111643585956802
171.87205170679255 10.03704029949979
169.81090775619393 7.86110066790019
167.74976380559528 11.675191753029457
165.68861985499666 0.9849529396821456
163.62747590439798 9.138395964798137
161.56633195379936 8.251289955167685
159.50518800320071 4.918497139365655
157.4440440526021 5.394759071798092
155.38290010200345 4.893112067614722
153.3217561514048 7.155536212857871
151.26061220080615 12.788310223087512
149.19946825020753 22.72440905842934
147.13832429960888 17.85605433755808
145.07718034901026 12.454340785612281
143.0160363984116 14.555693163100562
140.95489244781294 21.565268992025086
138.89374849721432 7.938147691794239
136.83260454661567 4.435884082551143
134.77146059601705 6.370106035783745
132.71031664541837 13.831463942322621
130.64917269481975 8.000692337121535
128.5880287442211 13.059713820967335
126.52688479362247 5.374626016803618
124.46574084302384 11.650160791031535
122.40459689242518 4.433757885315017
120.34345294182654 14.192159073947714
118.28230899122791 12.738830496065702
116.22116504062926 8.375500060122343
114.16002109003063 14.738715406346985
112.09887713943198 7.642438659466611
110.03773318883334 19.740500077997407
107.9765892382347 12.634669031497944
105.91544528763606 7.95273299806873
103.85430133703743 9.758864834274513
101.79315738643878 8.953525507143619
99.73201343584014 9.562708260079132
97.6708694852415 12.807084563955485
95.60972553464286 16.35869294639606
93.54858158404423 18.50301255845579
91.48743763344558 16.182403965902417
89.42629368284695 13.84385948184905
87.3651497322483 16.20528787995169
85.30400578164966 13.953091283736304
83.242861831051 9.40923970458663
81.18171788045237 12.887473625780121
79.12057392985373 9.626769840296863
77.05942997925509 21.352271862549546
74.99828602865645 9.02098383170669
72.9371420780578 16.343433640537512
70.87599812745917 16.37459995584923
68.81485417686052 21.9935912808762
66.75371022626189 18.69773247373667
64.69256627566324 20.897900490983005
62.631422325064605 21.996113780608045
60.570278374465964 29.041926303177526
58.50913442386733 28.953924740477227
56.44799047326869 27.337766285483173
54.38684652267004 30.92688045196409
52.3257025720714 29.652145083956537
50.26455862147276 27.495474735345066
48.203414670874125 21.49282891705275
46.142270720275484 28.41652464825034
44.08112676967684 37.56224407608166
42.01998281907821 40.47932215264966
39.95883886847957 38.499255754032006
37.897694917880926 42.38655647691208
35.83655096728228 41.288894961290644
33.77540701668364 40.684890023953805
31.714263066085003 39.21553283291509
29.65311911548636 52.723501130857116
27.591975164887717 46.164536727530624
25.530831214289076 57.64514398304045
23.469687263690435 64.11033696458665
21.40854331309179 65.47764601949437
19.347399362493153 62.640805381078216
17.286255411894512 75.79516572249555
15.225111461295871 68.33113930319728
13.16396751069723 62.13461577299867
11.10282356009859 69.06331720520505
9.04167960949995 53.921655856238814
6.980535658901309 67.7239161058511
4.919391708302667 57.41674052292555
2.858247757704027 56.21174502268974
0.7971038071053864 53.90188364907947
-1.2640401434932544 45.1022111380571
-3.3251840940918957 35.30480743924211
-5.386328044690536 43.60484873243566
-7.447471995289177 27.13113100605782
-9.508615945887817 27.950456067915447
-11.569759896486458 36.34458451497455
-13.630903847085099 26.50024346056456
-15.692047797683742 33.36941530780113
-17.753191748282383 33.02449047946079
-19.814335698881024 25.50396950825378
-21.87547964947966 35.2064184898898
-23.936623600078303 29.356342150502666
-25.99776755067694 21.91020394862026
-28.058911501275585 17.807142473574586
-30.120055451874226 18.13026365015619
-32.18119940247286 13.8498162278884
-34.242343353071504 6.196107384069864
-36.303487303670146 5.666653201369084
-38.36463125426879 9.247568889348791
-40.42577520486743 16.459844841371805
-42.48691915546607 3.8702397766865486
-44.54806310606471 4.626515532114538
-46.60920705666335 13.797323785243758
-48.67035100726199 7.461099725982112
-50.73149495786064 3.8514211537106138
-52.792638908459274 6.574101438742472
-54.853782859057915 7.740587526918205
-56.914926809656556 1.824779238429841
-58.9760707602552 -7.0723428925596075
-61.037214710853846 -3.550177935488532
-63.09835866145249 6.568462745591321
-65.15950261205111 0.4429192003291686
-67.22064656264976 4.600997257189706
-69.2817905132484 -0.3732321236893496
-71.34293446384706 0.4515885226800736
-73.40407841444569 -0.43707466188975486
-75.46522236504433 -0.5367128454051735
-77.52636631564297 -1.819163932210707
-79.58751026624161 -0.2263807866858394
-81.64865421684026 -4.50359827712636
-83.70979816743889 -3.376418388410934
-85.77094211803754 1.8702481401219788
-87.83208606863617 2.842490579117089
-89.8932300192348 3.478465255687551
-91.95437396983345 -1.7275195881609622
-94.01551792043209 -0.5274378806905701
-96.07666187103074 -4.498697677870858
-98.13780582162937 1.407675435427395
-100.198949772228 4.994966686181666
-102.26009372282665 3.6914117447202632
-104.32123767342529 -12.846412561582204
-106.38238162402394 2.3935818823556745
-108.44352557462257 -4.113669353506453
-110.50466952522123 -4.239488368094591
-112.56581347581987 -1.1307405528438965
-114.6269574264185 0.29743823357715166
-116.68810137701715 -7.8084282470167325
-118.74924532761578 3.345745340553117
-120.81038927821443 2.326511430828088
-122.87153322881306 -1.1298264257025579
-124.93267717941171 -3.945314584347556
-126.99382113001035 -10.166428161714602
-129.05496508060898 4.591375832461968
-131.11610903120763 3.2749552295109052
-133.17725298180628 2.4927377121864502
-135.2383969324049 -3.5131328582940218
-137.29954088300357 4.056081838390886
-139.3606848336022 3.7962072823271407
-141.42182878420084 2.5217937439694578
-143.48297273479946 10.089924879487072
-145.5441166853981 3.615867099892374
-147.60526063599676 -9.700815209614667
-149.6664045865954 -2.917117677468092
-151.72754853719402 -1.1947102329594697
-153.78869248779267 5.600908440787242
-155.8498364383913 0.8631172011476245
-157.91098038898997 8.51792072260727
-159.9721243395886 7.488389706264786
-162.03326829018724 -1.950484034639319
-164.09441224078586 -5.879923495611115
-166.15555619138453 2.4571618409158504
-168.21670014198318 1.6410262601073515
-170.2778440925818 -4.053327273988069
-172.33898804318045 6.98066499810499
-174.40013199377907 -0.7979744793848078
-176.46127594437775 1.6957182682215572
-178.52241989497637 1.2077252762171011
-180.58356384557501 -0.8091456649931864
-182.64470779617363 12.544406544231935
-184.70585174677228 -4.259268936683565
-186.76699569737093 4.167801677803221
-188.82813964796958 6.179767093657566
-190.8892835985682 -1.643330994508893
-192.95042754916685 2.420018308192754
-195.0115714997655 2.704177773602936
-197.07271545036414 -0.6453323394405653
-199.13385940096276 1.2278971427254577
-201.1950033515614 1.191306592800807
-203.25614730216003 -3.021203657777616
-205.3172912527587 -0.21358534881033087
-207.37843520335736 -0.3457797815313007
-209.43957915395598 1.5462062693071845
-211.50072310455462 -1.3031220254649636
-213.56186705515324 0.13819375863160085
-215.62301100575192 -0.08109556054045572
-217.68415495635054 -6.578420989505794
-219.7452989069492 -0.5282976916696975
-221.8064428575478 1.8782162589336684
-223.86758680814648 1.1281608519590418
-225.9287307587451 3.182055834756973
-227.98987470934375 -0.25840657427800506
-230.05101865994237 -1.6572777977687716
-232.11216261054102 3.7407818563416426
-234.17330656113967 5.588338733099709
-236.23445051173832 1.277454280295975
-238.29559446233694 -5.214768207831635
-240.35673841293558 -2.6325147663984256
-242.4178823635342 5.030678415895531
-244.47902631413288 14.423298489871744
-246.54017026473153 3.1496333702068835
-248.60131421533015 3.7949091823263936
-250.6624581659288 -1.9889247149161793
-252.72360211652742 2.380630225452659
-254.7847460671261 1.200202583225933
