# BEGINHEADER
# This file contains data from the SALSA 2m radio telescope.
# DATE=2022-12-10T14:18:0011
# GLON and GLAT given in degrees
# GLON=24.81352535696784
# GLAT=0.2930681266760912
# DATA in two columns below. Col. 1 is velocity relative to LSR [km/s]. Col. 2 is uncalibrated antenna temperature [K].
# ENDHEADER
270.46390483987506 7.086180162038129
268.4027608892764 6.025365885618121
266.34161693867776 10.01089603212479
264.2804729880791 10.11162260003026
262.21932903748046 3.7394545634691023
260.1581850868818 10.323654729538442
258.0970411362832 3.388825056162218
256.0358971856846 6.750250405449823
253.9747532350859 13.63728328953994
251.91360928448728 10.602592054471014
249.85246533388863 10.754366631346251
247.79132138329 -5.387467466775857
245.73017743269136 -12.671352494130197
243.6690334820927 6.587822851098809
241.60788953149407 6.534344231456677
239.54674558089542 6.427299122062165
237.4856016302968 4.391261529227558
235.42445767969815 8.499335969153632
233.3633137290995 2.304940921367157
231.30216977850085 4.394764064122498
229.24102582790223 1.1045199040067895
227.1798818773036 10.410120846610306
225.11873792670497 2.642635432988375
223.0575939761063 -1.4927458241994287
220.99645002550767 7.247273247253687
218.93530607490902 2.054793047071167
216.8741621243104 0.3920738086416089
214.81301817371173 -0.270228766946366
212.7518742231131 8.625673124397622
210.69073027251446 11.787417771419083
208.62958632191584 5.484970141007135
206.5684423713172 7.6502577692332245
204.5072984207185 7.347754161623441
202.4461544701199 5.990720811476389
200.38501051952124 13.628251844053064
198.32386656892263 10.082313582691487
196.26272261832395 10.400773762093136
194.20157866772533 12.271929485344275
192.14043471712665 3.7695196557633652
190.07929076652803 5.910673280505754
188.01814681592938 9.66882413291525
185.95700286533076 5.169287092142782
183.8958589147321 10.297537060427654
181.83471496413347 8.455836860192191
179.77357101353482 -2.4290887806740984
177.7124270629362 7.646748027201175
175.65128311233755 10.755181831926382
173.5901391617389 5.161195752232164
171.52899521114026 4.312186848142992
169.46785126054164 7.7699257239523725
167.406707309943 5.104794303912227
165.34556335934434 7.625568888425829
163.2844194087457 6.152941626751791
161.22327545814704 -0.010198955194914495
159.16213150754842 12.411710770049798
157.10098755694978 18.304091631150754
155.03984360635116 13.072965982089936
152.97869965575248 10.566108522397384
150.91755570515386 7.130308173083321
148.8564117545552 8.324916829862811
146.7952678039566 17.529357109344353
144.73412385335791 13.978996559908307
142.6729799027593 16.611605774498212
140.61183595216065 9.165552704631393
138.55069200156203 17.679275492357277
136.48954805096338 13.32566189506317
134.42840410036473 6.058848604900122
132.36726014976608 9.312131073046967
130.30611619916743 8.090072015653853
128.2449722485688 10.635790476554389
126.18382829797017 23.714142400135255
124.12268434737153 12.107420807830593
122.06154039677288 12.890121285621108
120.00039644617425 14.656624272449191
117.9392524955756 18.689609033946503
115.87810854497697 11.558887886963385
113.81696459437833 25.527318390306984
111.75582064377969 33.343738375641614
109.69467669318104 28.533645704704337
107.63353274258239 32.34324720736247
105.57238879198376 37.241608412353976
103.5112448413851 34.108857938742055
101.45010089078647 44.98903724339257
99.38895694018784 45.70429017031869
97.32781298958919 42.855186074269284
95.26666903899056 42.89513613627097
93.20552508839191 29.035260753258854
91.14438113779327 33.6949062612607
89.08323718719463 38.11069130373699
87.02209323659599 33.06295670384748
84.96094928599736 37.55799037039267
82.89980533539871 30.834127897163576
80.83866138480008 28.921311599286664
78.77751743420143 32.592615745394056
76.7163734836028 42.73926694565541
74.65522953300415 40.769647893626484
72.5940855824055 30.630218246616955
70.53294163180686 34.69623839882275
68.47179768120822 40.63709156543902
66.41065373060958 44.85630205466224
64.34950978001095 42.676333848807325
62.2883658294123 41.31352378335856
60.22722187881366 41.39236188789642
58.16607792821502 40.55440636581869
56.104933977616376 45.15908997540278
54.043790027017735 53.59994219393106
51.9826460764191 58.20126437934675
49.92150212582046 40.55167758318277
47.86035817522182 45.78524960264471
45.79921422462318 57.681377747281566
43.73807027402454 59.9234991871112
41.67692632342589 63.241797788555225
39.61578237282725 51.37273757352181
37.554638422228614 48.801407335583
35.49349447162997 47.906334238150095
33.43235052103133 63.04531841051012
31.37120657043269 56.09861996834921
29.31006261983405 54.12300711650643
27.248918669235408 50.62926001228516
25.187774718636767 53.56406493682312
23.12663076803813 59.56896399449217
21.06548681743949 69.05865420843922
19.004342866840847 68.05736202921914
16.943198916242206 78.61307320682353
14.882054965643565 75.00602849894605
12.820911015044926 71.35932182724491
10.759767064446283 72.13522619142329
8.698623113847642 67.06964378152989
6.637479163249002 74.5536487271446
4.576335212650362 80.2588971106309
2.5151912620517205 75.82659638118066
0.4540473114530798 78.68134913890549
-1.607096639145561 65.34441242477487
-3.668240589744202 49.28061259966937
-5.729384540342842 35.67031667355806
-7.790528490941484 37.87580860391896
-9.851672441540124 32.63119669818622
-11.912816392138765 31.78243882768941
-13.973960342737405 31.79686096447267
-16.035104293336047 26.302222476671165
-18.096248243934685 26.0978869178201
-20.15739219453333 26.02686454842352
-22.218536145131967 25.662350024414316
-24.27968009573061 23.519778914024233
-26.340824046329253 27.321787439871756
-28.40196799692789 23.045285406666984
-30.463111947526535 32.34456270055104
-32.524255898125176 26.613647485527927
-34.58539984872382 26.96184690471594
-36.64654379932246 26.75254857436024
-38.7076877499211 24.249194580271986
-40.76883170051974 15.81217636894587
-42.82997565111838 20.505212997970148
-44.891119601717016 7.957080777791699
-46.95226355231566 15.499958738567726
-49.0134075029143 8.259737677252453
-51.07455145351294 7.382491922724017
-53.13569540411158 3.2286354116555755
-55.19683935471023 6.09337943799964
-57.25798330530887 13.434380826205436
-59.3191272559075 1.3269983472147047
-61.380271206506144 8.495495085575039
-63.441415157104785 6.1604242337226385
-65.50255910770343 5.223123729854236
-67.56370305830207 2.4777555030763048
-69.6248470089007 0.5980176171139938
-71.68599095949935 1.999308110105391
-73.74713491009798 -2.1412063961991055
-75.80827886069663 8.916694563175584
-77.86942281129527 14.189767208118278
-79.9305667618939 5.402310908694177
-81.99171071249255 -5.573241810423071
-84.0528546630912 -1.9784651202299017
-86.11399861368984 -2.4538353241807314
-88.17514256428848 2.9299335077567625
-90.23628651488713 1.9877344566817594
-92.29743046548576 0.4336553440188995
-94.3585744160844 0.9234014545406497
-96.41971836668304 6.875197332384484
-98.48086231728168 4.241424861922407
-100.54200626788032 4.618033825847568
-102.60315021847896 -1.9208771864478262
-104.6642941690776 -1.8519876340464732
-106.72543811967624 0.6210329150965163
-108.78658207027487 -3.6957139387962883
-110.84772602087352 -4.528738252595181
-112.90886997147216 5.296203980879363
-114.9700139220708 1.6110591390868991
-117.03115787266944 4.037949981961013
-119.09230182326809 -7.941654092738173
-121.15344577386674 3.9460966326746347
-123.21458972446537 5.097358270819259
-125.27573367506402 -0.22999523233132732
-127.33687762566265 0.8849359588433352
-129.3980215762613 -0.39360823610907825
-131.45916552685992 2.0673136163144465
-133.52030947745857 -0.38117727489092873
-135.5814534280572 3.997329416258695
-137.64259737865586 4.047810694759792
-139.70374132925448 3.0441125421142377
-141.76488527985313 0.024901967738179893
-143.82602923045178 7.890791781176869
-145.88717318105043 6.308756427365896
-147.94831713164908 -0.14068558529099456
-150.0094610822477 0.8461317460564667
-152.07060503284634 -1.1749390690342865
-154.13174898344496 -0.45453586786471933
-156.19289293404364 -1.412307741305819
-158.25403688464226 2.8207804028051378
-160.3151808352409 -1.126418868424179
-162.37632478583953 1.9893317121991407
-164.43746873643818 3.5984619842652803
-166.49861268703683 -2.166466384768287
-168.55975663763547 -1.985152154137805
-170.6209005882341 4.022393072739829
-172.68204453883274 1.5039532654608398
-174.7431884894314 3.0765324596335297
-176.80433244003004 1.3818727580979075
-178.86547639062866 5.681720840738576
-180.9266203412273 3.5909177392352087
-182.98776429182595 0.4909167786826145
-185.0489082424246 -2.0991911535823884
-187.11005219302325 3.339383339732284
-189.17119614362187 -2.544527675602232
-191.23234009422052 -0.3462107813952114
-193.29348404481914 6.952875441669706
-195.35462799541781 -3.3107993852218676
-197.41577194601643 -0.5466178211167385
-199.47691589661505 7.913060322645458
-201.5380598472137 5.046515495438295
-203.59920379781235 3.7464989670441957
-205.66034774841097 1.7402215041965343
-207.72149169900962 5.610525254332139
-209.78263564960824 -2.8674794475750223
-211.84377960020691 5.932995504872591
-213.90492355080553 5.500522521784411
-215.96606750140418 -6.883902703011463
-218.0272114520028 3.568731454372141
-220.08835540260145 5.931482792600743
-222.14949935320013 3.261627422964854
-224.21064330379875 -0.04968212842922223
-226.2717872543974 5.8539703674801595
-228.33293120499602 -3.129111695016036
-230.3940751555947 -0.3138259517670204
-232.4552191061933 -0.9714761300409557
-234.51636305679196 5.940448883067591
-236.57750700739058 4.511257346957045
-238.63865095798923 1.1026303340533177
-240.69979490858788 3.825267028228482
-242.76093885918652 1.3717002890872603
-244.82208280978514 3.8001267464696187
-246.8832267603838 5.948537707496044
-248.9443707109824 8.603200851044146
-251.0055146615811 7.435523785091419
-253.0666586121797 -2.4395640451684693
-255.12780256277836 10.417571399611607
