# BEGINHEADER
# This file contains data from the SALSA 2m radio telescope.
# DATE=2022-12-10T14:03:0015
# GLON and GLAT given in degrees
# GLON=29.8772721685281
# GLAT=0.2980134778397071
# DATA in two columns below. Col. 1 is velocity relative to LSR [km/s]. Col. 2 is uncalibrated antenna temperature [K].
# ENDHEADER
270.2256120944688 2.128990921771251
268.1644681438702 -0.9091942878836952
266.10332419327153 -5.271914547171965
264.04218024267294 -2.0384959490165264
261.98103629207424 -1.6861524891393997
259.91989234147565 -1.0487038971973295
257.858748390877 4.7133927337270585
255.79760444027832 2.226724083081656
253.73646048967967 -1.5993712570411889
251.67531653908105 -5.345861380126234
249.6141725884824 5.443421935598196
247.55302863788378 -20.037812960774428
245.4918846872851 -27.012375941697243
243.4307407366865 5.854215970449535
241.36959678608784 -0.16185317306301525
239.30845283548922 2.840172362771969
237.24730888489057 -7.644025112852365
235.18616493429192 -7.632787177868756
233.12502098369328 -0.15857419958136376
231.06387703309466 4.5978979001365365
229.002733082496 -3.9961162088393762
226.94158913189736 1.389276902361154
224.8804451812987 -8.88995896304125
222.8193012307001 -7.3951799671181835
220.75815728010144 4.414529758448857
218.69701332950282 4.446822364111531
216.63586937890415 3.9008657783063176
214.5747254283055 1.7037274168110899
212.51358147770688 2.5073726204460023
210.45243752710823 -0.15826664859301007
208.3912935765096 1.7723196458413673
206.33014962591093 5.732745070732148
204.26900567531231 -0.4517151744289403
202.20786172471367 -1.1412275173722286
200.14671777411505 10.67134064394246
198.0855738235164 0.05260948715379275
196.02442987291775 -4.518194917282182
193.9632859223191 1.962349570475226
191.90214197172048 1.1408945000531996
189.84099802112183 -0.9144441950302061
187.77985407052319 -1.0251038007047053
185.71871011992454 1.8622072293988121
183.65756616932592 6.555407866769383
181.59642221872727 4.421905967217273
179.53527826812865 -7.7218023837355245
177.47413431752997 7.2329396924081815
175.41299036693133 9.3292343247879
173.3518464163327 -1.6972608596524237
171.29070246573406 3.300119918017721
169.22955851513544 13.227213576484582
167.16841456453676 3.9118508774923373
165.10727061393814 7.076902041729028
163.0461266633395 8.144019927024212
160.98498271274087 11.24817050386956
158.9238387621422 6.502178670013317
156.86269481154358 0.7986439174461911
154.80155086094493 5.182891379147383
152.7404069103463 13.640978705428468
150.67926295974766 12.310464671754193
148.618119009149 0.21926558868880786
146.55697505855036 2.661672005006895
144.49583110795174 9.525101801064306
142.4346871573531 0.22739304557529796
140.37354320675448 9.927733343673005
138.3123992561558 7.24989123004602
136.25125530555715 8.67258590897466
134.19011135495853 7.7566575647388
132.12896740435988 3.5966743701549686
130.06782345376124 12.439837566061698
128.00667950316262 -0.22065455709789863
125.94553555256397 8.547338836448715
123.88439160196533 7.577027790527187
121.82324765136669 0.7870713318697902
119.76210370076805 10.389241100578202
117.70095975016939 8.890224813856534
115.63981579957075 6.17382415054257
113.57867184897212 16.435134271198546
111.51752789837347 21.29669716211053
109.45638394777484 27.014008010593656
107.39523999717619 27.576133507128535
105.33409604657756 29.97169569374513
103.27295209597891 34.48446832812951
101.21180814538027 46.508051645865
99.15066419478164 45.74219663719145
97.08952024418299 39.442910585207684
95.02837629358436 38.34897980357006
92.96723234298571 44.363362325331586
90.90608839238708 43.91865358172823
88.84494444178843 39.202028003199146
86.7838004911898 42.22567033552485
84.72265654059116 44.69734136389851
82.66151258999251 41.968512625833796
80.60036863939388 50.79031551736796
78.53922468879522 45.25463836278156
76.47808073819658 45.95129000915039
74.41693678759793 44.81893708001049
72.3557928369993 41.28919039884752
70.29464888640067 41.76351262499384
68.23350493580202 42.84090932093019
66.17236098520338 41.512384865565735
64.11121703460475 33.03928136171677
62.0500730840061 45.91984480375449
59.98892913340746 42.10975858443514
57.92778518280882 36.28507082000505
55.86664123221018 42.295484416441596
53.80549728161154 48.02355415825654
51.7443533310129 46.3088124644691
49.683209380414254 42.311393394843854
47.622065429815606 40.84693060891227
45.560921479216965 55.521467423867186
43.499777528618324 56.93921182557116
41.43863357801969 50.16138269534215
39.37748962742105 55.15839693500471
37.31634567682241 42.762720454519574
35.25520172622377 39.552488885207225
33.194057775625126 46.371622663568395
31.132913825026485 49.15294081030414
29.071769874427844 47.692363494575694
27.010625923829203 52.50545838444506
24.94948197323056 72.88022631352743
22.88833802263192 76.1788760837088
20.82719407203328 76.00245485715013
18.76605012143464 62.68381662478827
16.704906170836 76.13281125153502
14.643762220237358 84.58369892131651
12.582618269638717 77.6493092569001
10.521474319040077 77.61556514264424
8.460330368441436 71.17778599809964
6.399186417842796 72.61762859099147
4.338042467244155 71.53029439315293
2.2768985166455136 73.41889348565017
0.215754566046873 64.64899814835888
-1.8453893845517677 58.45227230315978
-3.9065333351504083 41.36459665886522
-5.9676772857490485 31.690182430433705
-8.02882123634769 28.403692524857853
-10.089965186946332 21.758446095528548
-12.151109137544971 20.003719084133003
-14.212253088143614 29.686242796589184
-16.273397038742253 19.461664876904738
-18.334540989340894 21.08968863740032
-20.395684939939535 32.16331076978602
-22.45682889053818 29.13764586351846
-24.517972841136817 21.229106521087864
-26.57911679173546 22.939842018526317
-28.6402607423341 22.254272813968974
-30.701404692932737 28.285445517687236
-32.76254864353138 28.46497845710295
-34.82369259413002 27.067767419586826
-36.884836544728664 35.01983932250048
-38.945980495327305 21.14643517051551
-41.00712444592594 23.2435496891617
-43.06826839652458 20.058688067608855
-45.12941234712322 24.353621158781717
-47.19055629772187 15.100539526246918
-49.25170024832051 14.967789533772164
-51.312844198919144 10.213545618973255
-53.373988149517785 10.780143150135899
-55.43513210011643 15.267824295731375
-57.49627605071506 7.89371811638718
-59.5574200013137 -1.843449424869427
-61.61856395191234 6.543108853525362
-63.679707902510984 4.582351606168497
-65.74085185310962 7.043510294902619
-67.80199580370827 2.4277514143254684
-69.8631397543069 2.7159615487987763
-71.92428370490555 4.304911934860736
-73.98542765550418 -0.476485722142352
-76.04657160610284 2.9017377536055684
-78.10771555670148 3.368527118116038
-80.16885950730011 -4.481225586880021
-82.23000345789876 -7.7912238122135165
-84.2911474084974 0.3244300476430955
-86.35229135909604 5.9241266811189
-88.41343530969468 2.5586112102062235
-90.47457926029332 -4.707259985217794
-92.53572321089196 -8.533940033914835
-94.5968671614906 -1.6772833978429456
-96.65801111208924 -1.643837088219989
-98.71915506268788 -4.237559407931171
-100.78029901328652 -5.663391330940567
-102.84144296388516 0.6515514589557145
-104.9025869144838 -5.873044444262887
-106.96373086508244 1.1067140723552795
-109.02487481568107 -3.5324867658744434
-111.08601876627972 0.8184701383882277
-113.14716271687836 -1.73239053130304
-115.20830666747702 3.5987832388482883
-117.26945061807565 3.606243165777349
-119.3305945686743 -2.7116697433563295
-121.39173851927293 -1.7531606395351134
-123.45288246987157 -2.621505765968491
-125.51402642047022 1.4503662356430405
-127.57517037106885 -1.3485104451848442
-129.6363143216675 1.3160291870571743
-131.69745827226615 -3.562177551074769
-133.7586022228648 -6.673221065804235
-135.81974617346341 0.41196651734239315
-137.88089012406206 -7.472531539247391
-139.94203407466068 -1.1214925546832766
-142.00317802525936 0.6166378579009878
-144.06432197585798 3.8711815161441696
-146.12546592645663 -3.876639101360054
-148.18660987705525 -10.273993281371077
-150.2477538276539 -2.6656298015299766
-152.30889777825254 -0.8448643140462874
-154.3700417288512 5.191788879016723
-156.4311856794498 0.41362867813524934
-158.49232963004846 -7.121529091850661
-160.5534735806471 -2.0963758462113846
-162.61461753124576 -5.491066028694886
-164.67576148184438 4.711465879821902
-166.73690543244302 -3.1647364361799566
-168.79804938304164 -3.840889450114896
-170.85919333364032 -0.8010176963712482
-172.92033728423897 -0.8361163078541985
-174.9814812348376 8.49490167995276
-177.04262518543624 2.986323721225612
-179.10376913603486 -3.86680293461329
-181.16491308663353 1.0240780723368514
-183.22605703723215 -3.31872107249335
-185.2872009878308 -5.6795074379228785
-187.34834493842942 -0.5830968856168068
-189.40948888902807 2.1238355944583085
-191.47063283962672 -5.829861618026277
-193.53177679022536 3.4762098665620593
-195.59292074082398 -0.6299795621457399
-197.65406469142263 -3.777753078185518
-199.71520864202128 3.316076838339613
-201.77635259261993 0.7347457255051233
-203.83749654321855 -3.933697124620536
-205.8986404938172 2.9920336724644323
-207.95978444441582 4.536825508997636
-210.0209283950145 -1.7376079056282476
-212.08207234561314 -1.8666206424150018
-214.14321629621176 -0.8654567202830407
-216.2043602468104 -0.78818169807945
-218.26550419740903 -0.7591381426550401
-220.3266481480077 -4.966805171717467
-222.38779209860633 -0.712493449810542
-224.44893604920497 -0.27485251736897065
-226.5100799998036 -3.587913011840968
-228.57122395040227 -3.623936110756697
-230.6323679010009 6.211224476296344
-232.69351185159954 1.664744208897585
-234.75465580219816 -2.8765547756410164
-236.8157997527968 4.607985011685646
-238.87694370339545 -4.225936529000093
-240.9380876539941 -6.585866788237445
-242.99923160459272 -0.1182966927852893
-245.06037555519137 2.556234044338751
-247.12151950579 -2.975158307043719
-249.18266345638867 -3.630451290140459
-251.24380740698732 3.256560896251089
-253.30495135758594 -0.0657458508001583
-255.36609530818458 5.106353471569248
