# BEGINHEADER
# This file contains data from the SALSA 2m radio telescope.
# DATE=2022-12-10T12:53:0059
# GLON and GLAT given in degrees
# GLON=84.83773269000604
# GLAT=0.08893442324426336
# DATA in two columns below. Col. 1 is velocity relative to LSR [km/s]. Col. 2 is uncalibrated antenna temperature [K].
# ENDHEADER
265.59425515511623 -6.058172364432754
263.5331112045176 -9.984551740114782
261.471967253919 -7.603366474336224
259.4108233033203 -2.4160373379801157
257.3496793527217 -1.7568138038933263
255.28853540212305 -12.510309879588805
253.2273914515244 -6.166633954399929
251.16624750092575 -9.61248936220306
249.1051035503271 -9.625403051955411
247.04395959972848 -21.982542874561407
244.98281564912983 -3.0603459179176244
242.9216716985312 -49.479643028484205
240.86052774793254 -58.518715171453564
238.7993837973339 -7.847024564255424
236.73823984673527 -23.46574283736174
234.67709589613662 -7.835520218594884
232.615951945538 -12.461616982669383
230.55480799493932 -14.200586022159618
228.4936640443407 -17.469876258743323
226.43252009374206 -7.816312885136964
224.37137614314344 -26.659568489350008
222.31023219254476 -13.272546065874362
220.24908824194614 -32.57220825562129
218.1879442913475 -26.093798756205054
216.12680034074887 -16.81411962249349
214.06565639015022 -12.367993377331999
212.00451243955158 -12.048032976618591
209.94336848895293 -18.577352887357808
207.8822245383543 -10.885259814317749
205.82108058775566 -19.67201995873882
203.75993663715704 -13.50772865801795
201.69879268655836 -12.104690530114189
199.63764873595971 -2.5509680505565466
197.57650478536112 -6.5433633820154435
195.51536083476245 -11.043231905351329
193.45421688416383 -5.685280247799578
191.39307293356518 -12.59629445122205
189.33192898296656 -5.6584981000588295
187.2707850323679 -11.725945796281732
185.20964108176926 -10.90127597999701
183.14849713117061 -3.1825220545067
181.087353180572 -6.048549176324915
179.02620922997335 3.5566030184337105
176.96506527937473 -16.87065625892343
174.90392132877605 -17.1060176446743
172.84277737817743 2.0849100837344734
170.78163342757878 -5.464732662996234
168.72048947698016 4.470294141822248
166.6593455263815 -5.71250040795069
164.59820157578284 -0.2768813781606034
162.53705762518422 3.605370439054099
160.47591367458557 0.6612640626307575
158.41476972398695 -0.42254800578521756
156.35362577338827 1.6442966581626348
154.29248182278965 -8.085937560603956
152.231337872191 -6.171244938701256
150.17019392159239 1.2599537324851062
148.10904997099374 0.47788019879055144
146.0479060203951 -1.766434384347737
143.98676206979644 -5.5499104531898436
141.92561811919782 0.4738128845293454
139.86447416859917 2.515132312696056
137.80333021800055 -2.863041919075032
135.74218626740188 -0.147489626071284
133.68104231680326 -11.030972341124302
131.6198983662046 -14.811609552325496
129.55875441560596 -3.5261980918969202
127.49761046500733 -6.0792752238583745
125.43646651440868 -4.262321829429027
123.37532256381004 2.1104975753054345
121.31417861321141 5.017016254552137
119.25303466261276 0.06301905973392076
117.19189071201413 9.98742278376672
115.13074676141548 -4.369624065387438
113.06960281081685 0.5027043112800135
111.0084588602182 -15.602004152631427
108.94731490961956 -14.987734368356787
106.88617095902093 3.5823713412971676
104.82502700842227 4.903115528182191
102.76388305782363 6.924839303965291
100.70273910722499 -4.0242925338921305
98.64159515662635 -2.7725676774645525
96.58045120602772 2.0458726549444095
94.51930725542907 -8.076690486681123
92.45816330483044 -9.058317934789088
90.39701935423179 -5.128978215765891
88.33587540363315 -6.49477121308289
86.2747314530345 -1.582164195333858
84.21358750243587 -5.929782549132243
82.15244355183724 -2.6959992301623723
80.09129960123859 -2.3044790004268587
78.03015565063995 -3.754937199949301
75.9690117000413 -0.20870906407109127
73.90786774944267 -0.6245702790770205
71.84672379884402 2.1104992095831276
69.78557984824539 -1.9160931074465049
67.72443589764676 -3.088434363676753
65.6632919470481 -8.681043646364795
63.60214799644946 1.7666978319419777
61.541004045850826 -5.607081573431336
59.479860095252185 -5.896694276774982
57.41871614465354 -5.0363984996082864
55.357572194054896 -5.441006384093391
53.296428243456255 -3.5325257327230206
51.235284292857614 -1.7267566050046157
49.17414034225897 0.9954352396635278
47.11299639166034 4.0482649379952695
45.0518524410617 -20.40485393784838
42.99070849046306 -18.356107719270245
40.929564539864415 -3.591327775836783
38.868420589265774 -2.3373924799419092
36.807276638667126 -3.248397401225958
34.746132688068485 -2.8371558766956055
32.68498873746985 -3.4858728089693143
30.62384478687121 7.443645235803713
28.56270083627257 0.3389703564233646
26.501556885673928 0.861803612165058
24.440412935075287 -3.2555477053556294
22.379268984476642 -16.64595155075699
20.318125033878 8.076740354227876
18.256981083279364 15.13484692141023
16.195837132680722 18.748042697381784
14.13469318208208 32.62733443931766
12.07354923148344 43.585673539691264
10.0124052808848 51.447153690914575
7.951261330286157 76.53827376778165
5.890117379687517 78.85219600269791
3.828973429088876 77.74697446743923
1.7678294784902355 70.67323546577505
-0.2933144721084052 67.98890233428138
-2.354458422707046 78.84149672840432
-4.4156023733056875 78.40685994976319
-6.476746323904328 68.38520442770708
-8.537890274502969 62.82742938005005
-10.599034225101608 69.40341016172094
-12.660178175700251 61.02485827510673
-14.72132212629889 51.11555577019448
-16.78246607689753 50.387842715872495
-18.843610027496172 34.275204048971
-20.904753978094814 31.377741972962784
-22.96589792869345 27.957666785203486
-25.027041879292092 17.2724631290749
-27.088185829890733 23.47343294986445
-29.149329780489374 16.751162828602343
-31.210473731088012 19.685094445595045
-33.27161768168666 21.18402699708779
-35.33276163228529 28.531466885702145
-37.39390558288393 35.42183217536309
-39.45504953348258 35.1579607624778
-41.51619348408122 43.233311500955914
-43.57733743467986 27.05561367939748
-45.6384813852785 25.564415041537227
-47.699625335877144 38.62282021468494
-49.76076928647578 35.077193470663744
-51.82191323707442 25.769140265843202
-53.88305718767306 13.430526250043153
-55.9442011382717 13.595433659346485
-58.00534508887034 27.0280144384128
-60.06648903946899 14.022170422546624
-62.12763299006763 9.905598083804966
-64.18877694066626 5.28006849993231
-66.2499208912649 -0.8311947368476995
-68.31106484186355 18.347302004668972
-70.37220879246219 23.88099901649651
-72.43335274306082 33.02891523064132
-74.49449669365947 35.97227049217893
-76.5556406442581 29.49690302327758
-78.61678459485675 30.272699170205318
-80.67792854545539 31.233398815975526
-82.73907249605404 18.986683188830288
-84.80021644665267 13.655006722528913
-86.8613603972513 -9.25920300024397
-88.92250434784997 2.1758491862555918
-90.9836482984486 14.135010578193704
-93.04479224904725 6.061921780845049
-95.10593619964588 7.4962351035235155
-97.16708015024452 4.123532186348785
-99.22822410084316 4.379661143557517
-101.2893680514418 1.402931925301602
-103.35051200204045 -6.3384957295582005
-105.41165595263908 -1.2895344682516732
-107.47279990323773 -10.000319914248982
-109.53394385383636 -29.22692747987047
-111.595087804435 -6.240759817113844
-113.65623175503364 -1.870932038859381
-115.71737570563228 -5.107853757802216
-117.77851965623093 -7.1360404751312085
-119.83966360682956 -1.7208915659710002
-121.90080755742821 -13.137432438291123
-123.96195150802684 -0.41610172931339207
-126.02309545862548 -1.1040996236922511
-128.08423940922412 -3.216408516809636
-130.14538335982277 -15.762533851900633
-132.2065273104214 -13.509373524749215
-134.26767126102007 -1.588862094899309
-136.3288152116187 -10.295174062189199
-138.38995916221734 -9.186265785418742
-140.45110311281596 -2.239255027350745
-142.5122470634146 -11.195427876914284
-144.57339101401325 -11.755483878784457
-146.6345349646119 -10.482394035047395
-148.69567891521055 -4.820035773870245
-150.75682286580917 -8.563594744680508
-152.81796681640782 -22.005775628306303
-154.87911076700647 -10.635224842638843
-156.94025471760511 -2.8125438300483094
-159.00139866820373 -4.1254448193126985
-161.06254261880238 -10.101543311149934
-163.12368656940103 -15.782583440749645
-165.18483051999968 -5.471196101550014
-167.2459744705983 -10.015346813467103
-169.30711842119695 -11.317447183503127
-171.36826237179557 -1.2353336587765087
-173.42940632239424 -9.218040314092992
-175.49055027299286 -11.665377111033003
-177.5516942235915 -7.751042418846866
-179.61283817419013 -6.020552763474155
-181.67398212478878 -3.4406106802394953
-183.73512607538746 -2.688326884866101
-185.79627002598608 -2.371396400037715
-187.85741397658472 -9.940149500526656
-189.91855792718334 -1.0884013362436378
-191.97970187778202 -7.10141332902514
-194.04084582838064 -6.113572989082811
-196.1019897789793 -6.775848508002927
-198.1631337295779 -8.616420529594691
-200.22427768017658 -3.4832776255514157
-202.2854216307752 -2.6699870144466087
-204.34656558137388 -2.855438297809178
-206.4077095319725 -8.830533895285853
-208.46885348257115 -9.740910144588117
-210.52999743316977 -5.823339207201529
-212.59114138376842 -0.5884078004196288
-214.65228533436706 -4.8466351907069605
-216.7134292849657 -4.056606496220001
-218.77457323556433 -0.2850079052184343
-220.83571718616298 -6.290447005257105
-222.89686113676163 -5.388762040313413
-224.95800508736028 -0.32089656955923024
-227.01914903795893 -1.3111277308387805
-229.08029298855755 -6.503387905499087
-231.1414369391562 1.1431420570359947
-233.20258088975484 -0.015389668412499474
-235.2637248403535 -0.8033740384790777
-237.3248687909521 -3.55632854026693
-239.38601274155076 -6.903102561002278
-241.44715669214938 -4.842714437398007
-243.50830064274805 1.4295904232289351
-245.56944459334667 0.9083268076661424
-247.63058854394532 -4.142889165147994
-249.69173249454394 -5.414383537294207
-251.7528764451426 -2.7258918494307838
-253.81402039574124 -7.892941870232596
-255.8751643463399 -2.2313808493217753
-257.93630829693853 -7.381956185105062
-259.9974522475371 -4.457736095704153
