# BEGINHEADER
# This file contains data from the SALSA 2m radio telescope.
# DATE=2022-12-10T13:06:0013
# GLON and GLAT given in degrees
# GLON=74.84900888361335
# GLAT=0.11447109717301267
# DATA in two columns below. Col. 1 is velocity relative to LSR [km/s]. Col. 2 is uncalibrated antenna temperature [K].
# ENDHEADER
266.59869097530265 -9.639188836286081
264.53754702470405 -17.267611741100758
262.4764030741054 -1.9347554612420335
260.41525912350676 -8.385597794143113
258.3541151729081 -5.208301474348167
256.29297122230946 -9.924249335812606
254.2318272717108 -12.417248195466534
252.1706833211122 -15.788130026648044
250.10953937051355 -9.65171917729462
248.0483954199149 -21.792159009870044
245.98725146931625 0.36342682330868864
243.92610751871763 -61.61888737521442
241.86496356811898 -76.59168010446997
239.80381961752033 -7.3192998349369445
237.74267566692168 -30.77183515280969
235.68153171632306 -9.365059738866732
233.62038776572442 -26.954315070286242
231.5592438151258 -16.781521279775948
229.49809986452712 -17.765421043459106
227.4369559139285 -23.03402317138503
225.37581196332985 -21.75856570479122
223.31466801273123 -19.405147640735482
221.25352406213258 -41.031112647311396
219.1923801115339 -27.88977020606753
217.1312361609353 -9.341642136596564
215.07009221033664 -19.21847144671507
213.00894825973802 -9.63768486702858
210.94780430913934 -15.372140389951046
208.88666035854072 -13.5949938099982
206.82551640794208 -17.79812632103549
204.76437245734346 -5.033903017859499
202.7032285067448 -12.782789309937225
200.64208455614616 -0.8007297960576861
198.5809406055475 -8.738530648632612
196.5197966549489 -3.493443085056159
194.45865270435024 -1.795431991161767
192.39750875375162 -16.734614970608153
190.33636480315295 -9.077447593951076
188.27522085255433 -6.26793739284382
186.21407690195568 -10.425784454142564
184.15293295135706 -10.863318729701449
182.0917890007584 -0.9874442891773944
180.03064505015973 1.5274099061668451
177.9695010995611 -18.579210750264895
175.90835714896247 -12.856101079209013
173.84721319836385 2.151051428942179
171.78606924776517 -1.341573599335447
169.72492529716655 5.072813182590229
167.6637813465679 -4.92158714580619
165.60263739596928 2.0509040545870123
163.54149344537063 -3.0541036970976574
161.48034949477199 9.172574360736185
159.41920554417334 6.762170075350643
157.35806159357472 -2.097983002174344
155.29691764297607 -7.926477784924661
153.23577369237745 -4.398949057835772
151.17462974177877 2.9196674240000404
149.11348579118015 0.1696422863256753
147.0523418405815 -5.191753637922606
144.99119788998289 -1.6473024411662192
142.9300539393842 2.6866556413440246
140.86890998878556 0.2584501454819129
138.80776603818694 0.3576455618045469
136.7466220875883 2.0734608341194747
134.68547813698967 -3.2568950930680653
132.624334186391 -18.440078830468142
130.56319023579238 0.24776307920643384
128.50204628519373 2.801578581421885
126.44090233459511 -0.7660018000157762
124.37975838399645 3.9494441151527786
122.31861443339781 2.1096238181425764
120.25747048279916 -0.3616820665227875
118.19632653220053 4.5416046384304085
116.13518258160188 1.5444330884254638
114.07403863100325 -1.127391107065477
112.01289468040461 -21.096498072146712
109.95175072980597 -17.226456328428768
107.89060677920733 8.784261233391456
105.82946282860868 4.433765023745372
103.76831887801005 5.325536798570027
101.7071749274114 1.921365772451318
99.64603097681277 6.457058943075018
97.58488702621413 4.736701949509251
95.52374307561549 -2.811827407116537
93.46259912501685 4.380453922020039
91.4014551744182 6.567492920107176
89.34031122381957 -5.305247119991814
87.2791672732209 3.2752291575494996
85.21802332262227 2.49321906790571
83.15687937202364 2.454325159484175
81.09573542142499 0.7341607642956187
79.03459147082636 1.0490056853221454
76.97344752022771 -2.04688459819888
74.91230356962907 -0.5665816530628377
72.85115961903043 2.7197665123412222
70.79001566843179 6.454002295528058
68.72887171783316 -0.4896227256926748
66.66772776723451 -5.680343734428285
64.60658381663588 6.10300215976016
62.545439866037235 2.7320930073724052
60.484295915438594 -4.248206384063306
58.42315196483995 -7.479983580732583
56.362008014241304 2.8820558234458895
54.30086406364266 -0.5431176289375175
52.23972011304402 1.47895712396671
50.17857616244539 -3.7503497513772674
48.11743221184675 0.4295608117373916
46.05628826124811 -34.54872782068378
43.99514431064947 -18.20012704098208
41.93400036005083 5.8852748223107865
39.87285640945219 -4.929419237625747
37.81171245885354 -0.6036660669035682
35.7505685082549 0.5369566804375113
33.68942455765627 0.05542003336868185
31.628280607057622 3.404909445669377
29.567136656458985 3.9782737747380215
27.505992705860344 2.228214055599066
25.444848755261702 5.297399965087267
23.38370480466306 -9.83908567842736
21.32256085406442 15.39926214213791
19.26141690346578 23.287492728425445
17.200272952867138 35.934946872120115
15.139129002268497 62.19929138938612
13.077985051669858 63.7626130630482
11.016841101071217 80.80086154933632
8.955697150472576 104.3505433013243
6.894553199873935 108.95131748443713
4.833409249275293 107.53275994498969
2.7722652986766527 89.68591639675925
0.7111213480780121 97.13603449456608
-1.350022602520629 92.10004201635611
-3.41116655311927 95.86838401899413
-5.47231050371791 72.34989985180584
-7.5334544543165505 63.58937347894531
-9.59459840491519 64.59551297385204
-11.655742355513832 55.54437312373417
-13.716886306112473 44.608581176444474
-15.778030256711114 44.74977268380124
-17.839174207309757 46.2611289357612
-19.900318157908394 32.63685841680448
-21.961462108507035 31.664463008639117
-24.022606059105676 36.42663474411874
-26.083750009704318 37.47151641443275
-28.14489396030296 30.939584610462056
-30.2060379109016 23.020307755992846
-32.26718186150024 21.771913623335003
-34.32832581209888 24.914153837840978
-36.389469762697516 20.530173947893577
-38.45061371329616 18.193796801451526
-40.511757663894805 17.78273473315622
-42.572901614493446 5.0824975298951305
-44.63404556509209 6.498856509684845
-46.69518951569073 16.365064140409306
-48.75633346628937 18.3509061716802
-50.81747741688801 12.450903541857889
-52.87862136748665 10.116775419403918
-54.93976531808529 28.62272639218308
-57.000909268683934 21.446881620539354
-59.06205321928258 32.68676806290261
-61.123197169881216 18.56218651634549
-63.18434112047986 0.48012144933279577
-65.24548507107849 3.375934751151054
-67.30662902167713 29.89758464828769
-69.36777297227579 33.44116169121542
-71.42891692287442 34.89190089766039
-73.49006087347307 37.35062546318768
-75.5512048240717 31.687213289763655
-77.61234877467035 34.38985732454991
-79.67349272526899 34.85274822875204
-81.73463667586762 13.811495657262059
-83.79578062646627 14.426772354539615
-85.8569245770649 -8.287746386244113
-87.91806852766355 -7.82601322001329
-89.97921247826218 7.526437670494992
-92.04035642886083 1.056275835251738
-94.10150037945947 1.7226725148590858
-96.1626443300581 -4.1722512575715704
-98.22378828065675 -9.632063896364095
-100.28493223125538 -1.8315374840504046
-102.34607618185403 1.2904378811307131
-104.40722013245266 -1.8672457961213889
-106.46836408305133 -6.84818211807201
-108.52950803364996 -28.711596784375857
-110.5906519842486 -12.48876278982559
-112.65179593484724 -6.469157982174609
-114.71293988544588 -4.074106244224917
-116.77408383604453 -0.9261482891895642
-118.83522778664316 3.8937995355767407
-120.89637173724181 -6.357149095862478
-122.95751568784044 -5.10360293697312
-125.01865963843908 -1.5574518938238233
-127.07980358903772 -4.12692145159298
-129.14094753963636 -20.915448097130852
-131.202091490235 -14.34126581665671
-133.26323544083365 4.905145871388721
-135.32437939143227 -3.5690940635822312
-137.38552334203092 -4.960816164165033
-139.44666729262957 -5.787165480136219
-141.50781124322822 -0.9592579914258119
-143.56895519382684 -5.87505795324892
-145.6300991444255 -7.226885272201373
-147.69124309502413 -4.562068410841057
-149.75238704562278 -4.5061239563016455
-151.8135309962214 -14.724391951582488
-153.87467494682005 -3.1016359480767197
-155.93581889741867 3.819152243917288
-157.99696284801735 -10.309965295532809
-160.05810679861597 -2.312787233518137
-162.11925074921461 -1.0506477445307978
-164.18039469981323 -4.104235685409369
-166.24153865041188 -3.7374470018890564
-168.30268260101056 -4.343848937081505
-170.36382655160918 -8.849373924137765
-172.42497050220783 -11.91317363662213
-174.48611445280645 -6.422097728810044
-176.54725840340512 -1.3848278005214039
-178.60840235400374 -1.250870424320782
-180.6695463046024 -4.114832281347468
-182.730690255201 -7.704835082765626
-184.79183420579966 -4.436970212303558
-186.8529781563983 0.7043518222358749
-188.91412210699696 -2.7214852867493122
-190.97526605759558 0.27837165515950807
-193.03641000819422 3.9970082168964307
-195.09755395879284 -4.409721131751717
-197.15869790939152 1.988818397113829
-199.21984185999014 -1.0660425133455729
-201.2809858105888 3.2524103666387734
-203.3421297611874 0.6779950597338384
-205.40327371178606 -5.405502200836998
-207.46441766238473 -2.395607980527133
-209.52556161298335 -3.7502038662636594
-211.586705563582 2.749693314663268
-213.64784951418062 1.7753312495004043
-215.7089934647793 3.8905032689573518
-217.77013741537792 -4.656355737438359
-219.83128136597657 0.6380702136430737
-221.89242531657518 -2.073325979626386
-223.95356926717383 -1.7354046247209398
-226.01471321777248 7.043877259783562
-228.07585716837113 1.9343535038899102
-230.13700111896975 -6.22202149756701
-232.1981450695684 -2.1775608931547277
-234.25928902016702 -0.6059511547373022
-236.3204329707657 3.819621331538942
-238.3815769213643 2.452097598065785
-240.44272087196296 -14.22366114153231
-242.50386482256158 1.0586129382527538
-244.56500877316026 -4.843428908415372
-246.6261527237589 1.0433718235390883
-248.68729667435753 3.1610094167580383
-250.74844062495617 -0.03510829846614841
-252.8095845755548 -1.5317735693863788
-254.87072852615347 -9.608199871304901
-256.9318724767521 -4.925375372644586
-258.9930164273507 -8.803658040833936
