# BEGINHEADER
# This file contains data from the SALSA 2m radio telescope.
# DATE=2022-12-10T13:36:0005
# GLON and GLAT given in degrees
# GLON=49.86270841795353
# GLAT=0.2038711083846203
# DATA in two columns below. Col. 1 is velocity relative to LSR [km/s]. Col. 2 is uncalibrated antenna temperature [K].
# ENDHEADER
268.8719720908187 5.989982629690394
266.81082814022005 8.44619648973416
264.7496841896214 4.937721772827048
262.68854023902276 6.963980770212342
260.6273962884241 3.1440834608024657
258.56625233782546 4.4597943422743365
256.5051083872268 13.594888139803192
254.4439644366282 21.48011801589106
252.38282048602954 6.951963583447475
250.32167653543092 5.431621417687216
248.26053258483225 14.640093676030757
246.19938863423363 -2.377284924677853
244.13824468363498 -5.699840183523146
242.07710073303636 6.8131575848587325
240.0159567824377 6.524557127027448
237.95481283183906 12.614269292160554
235.89366888124042 14.328471644575684
233.8325249306418 12.18994989853233
231.77138098004315 8.671157712802946
229.7102370294445 2.7098686804532357
227.64909307884585 3.8697792453261854
225.58794912824723 9.143832264720235
223.52680517764858 5.495171513205926
221.46566122704996 6.67799884085648
219.4045172764513 14.832712254270131
217.34337332585264 0.860365691684638
215.28222937525402 6.592883293559665
213.22108542465537 9.195142978255374
211.15994147405675 10.900370862625937
209.09879752345807 5.237804271514503
207.03765357285945 9.407801497572937
204.9765096222608 9.574151150390032
202.9153656716622 3.5695988346635708
200.8542217210635 7.884919622724371
198.7930777704649 7.307406670461112
196.7319338198662 17.48313069010278
194.6707898692676 8.956011212173943
192.60964591866895 8.06467869300827
190.54850196807033 8.534722550200899
188.48735801747165 4.270558180833611
186.42621406687303 8.466892621191608
184.36507011627438 10.371937488834902
182.30392616567576 5.950704986619711
180.2427822150771 -0.19399556996855333
178.18163826447844 12.107173731285231
176.12049431387982 15.912289903735564
174.05935036328117 5.463507713014858
171.99820641268255 16.30914146327528
169.9370624620839 12.795719521497908
167.87591851148525 14.615738982108468
165.8147745608866 14.596061539388323
163.75363061028798 18.55429047083974
161.69248665968934 18.2502563752394
159.6313427090907 13.529903999676401
157.57019875849204 14.220828416129573
155.50905480789342 8.352299824156795
153.44791085729477 15.84811323443911
151.38676690669615 9.501429663587361
149.32562295609748 3.0619882052777196
147.26447900549886 12.721376376228672
145.2033350549002 15.145669789556218
143.1421911043016 16.34577929019105
141.08104715370294 14.982766002228669
139.01990320310426 12.551229180357703
136.95875925250564 3.174204450721118
134.897615301907 5.787328731315727
132.83647135130838 15.308315120967183
130.77532740070973 12.770147033347559
128.71418345011108 11.690196260367058
126.65303949951245 10.483839702835928
124.59189554891381 9.987915209457007
122.53075159831515 12.407702290146952
120.46960764771651 5.104886854628375
118.40846369711787 9.259069769853584
116.34731974651923 6.971765300358405
114.2861757959206 5.3109340467768815
112.22503184532195 2.07089342400343
110.16388789472332 -0.7667712233441684
108.10274394412467 7.632122507838099
106.04159999352603 10.941630524739793
103.98045604292739 3.391936634985913
101.91931209232875 10.003117644843506
99.85816814173012 11.850281733110474
97.79702419113147 13.502409082476024
95.73588024053284 12.287485363215191
93.67473628993419 9.59826713506148
91.61359233933555 11.751766691956702
89.55244838873692 9.80064755735517
87.49130443813827 10.869059817550209
85.43016048753964 7.432764373187527
83.36901653694098 4.062474433110393
81.30787258634234 9.172729845522586
79.2467286357437 20.251103557209046
77.18558468514506 22.103394718440796
75.12444073454643 21.39678852735408
73.06329678394778 24.725910332528315
71.00215283334914 33.924193796690325
68.9410088827505 42.807350528954586
66.87986493215186 43.91489548370229
64.81872098155323 52.137636644914586
62.75757703095458 64.2764143695507
60.69643308035594 73.12586806633574
58.6352891297573 71.72911039445037
56.574145179158656 79.627500464212
54.513001228560015 82.02190234842618
52.45185727796137 94.11437348482991
50.39071332736273 85.24832428882009
48.3295693767641 81.88416452062765
46.26842542616546 75.38233622558673
44.207281475566816 83.12734402005074
42.146137524968175 88.36454236338
40.084993574369534 70.11813149509689
38.0238496237709 75.76247904742785
35.96270567317226 62.84745232523697
33.90156172257361 59.022073192242644
31.840417771974973 64.83246484197765
29.77927382137633 60.68205443678433
27.718129870777688 61.380181747638034
25.65698592017905 71.86898521824584
23.595841969580405 85.0531782335492
21.534698018981768 85.05166126883235
19.473554068383123 91.77848602212721
17.412410117784482 80.07117833538135
15.351266167185843 72.68348467649285
13.290122216587202 93.62071497227227
11.22897826598856 88.82983222488038
9.167834315389921 98.34624069792534
7.106690364791279 85.63565859688931
5.045546414192639 80.26048520409
2.984402463593998 93.61276441086181
0.9232585129953572 76.95497450547376
-1.1378854376032834 49.29399752325761
-3.1990293882019243 35.71407628390081
-5.260173338800565 35.3485834045473
-7.3213172893992065 35.53742582457386
-9.382461239997847 26.398903640407685
-11.443605190596488 8.96580770903814
-13.504749141195129 20.045779668559295
-15.56589309179377 28.03338123503766
-17.62703704239241 12.031326540282826
-19.68818099299105 10.476858499453673
-21.74932494358969 24.514090788411494
-23.810468894188332 11.449654299897656
-25.87161284478697 12.373791399191072
-27.932756795385608 17.517272798641127
-29.993900745984252 19.87805982010694
-32.05504469658289 23.333655159975773
-34.11618864718153 21.636996804079004
-36.17733259778017 24.791738989971833
-38.23847654837881 22.428633421966865
-40.299620498977454 26.785498148647232
-42.3607644495761 29.14527982043924
-44.42190840017474 24.79594056566671
-46.48305235077338 32.70630622541547
-48.54419630137202 34.17617897447101
-50.60534025197067 40.03071212635408
-52.66648420256931 36.721972577870034
-54.72762815316795 34.08427260260735
-56.78877210376658 38.381215297605465
-58.849916054365224 29.34861358628386
-60.911060004963865 23.02867116838419
-62.97220395556251 22.317927081924513
-65.03334790616115 19.908553748122102
-67.09449185675979 13.580781294375234
-69.15563580735842 13.508464141019871
-71.21677975795708 12.77631989261785
-73.27792370855572 10.35877062759886
-75.33906765915437 10.500702335514683
-77.400211609753 11.898628586432535
-79.46135556035163 12.83651576580455
-81.52249951095028 21.34898203001795
-83.58364346154892 2.4140930252965944
-85.64478741214756 4.1781233013043355
-87.7059313627462 14.249190744930386
-89.76707531334485 6.991026248652047
-91.82821926394348 5.687126056949659
-93.88936321454212 0.08760713388890279
-95.95050716514076 7.802951919095031
-98.0116511157394 11.994692720995834
-100.07279506633805 4.931120760073908
-102.13393901693668 -0.5473389985050512
-104.19508296753531 -2.1284580945532685
-106.25622691813396 -2.7147080928772613
-108.3173708687326 2.6207279072551053
-110.37851481933126 3.741858849159217
-112.43965876992989 3.6789654576270103
-114.50080272052854 9.495742310370712
-116.56194667112717 7.097151941175282
-118.62309062172581 3.0180341971729217
-120.68423457232446 8.085675614719852
-122.74537852292309 3.63062717965994
-124.80652247352174 -3.5063795460581346
-126.86766642412037 -6.208270721999324
-128.92881037471903 6.30670583962523
-130.98995432531765 9.046678713206788
-133.0510982759163 9.223015097856914
-135.11224222651495 3.6733927384347935
-137.17338617711357 -3.258826744334914
-139.23453012771222 7.250638891961498
-141.29567407831087 -5.643047568528203
-143.35681802890952 -1.6206192523503822
-145.41796197950814 5.0590241771036055
-147.47910593010678 8.435076784506345
-149.5402498807054 0.029944773326686203
-151.60139383130408 6.4643063820113875
-153.6625377819027 3.299140246433742
-155.72368173250135 -2.2923588674340936
-157.78482568309997 1.2812949442189268
-159.84596963369862 -8.400876519460667
-161.90711358429726 3.0424420061977258
-163.9682575348959 4.2105685595371325
-166.02940148549453 -0.5669542317783143
-168.09054543609318 3.465465750576446
-170.15168938669186 2.987617870123775
-172.21283333729048 -3.634288338987286
-174.27397728788912 3.1984666561660307
-176.33512123848774 3.4835574456831018
-178.3962651890864 -3.294046567149018
-180.45740913968504 -4.5982307845958985
-182.5185530902837 0.8381114797159426
-184.5796970408823 -3.6423953733847183
-186.64084099148096 -2.944303677300412
-188.70198494207958 7.024096863729112
-190.76312889267825 1.226200964937375
-192.82427284327687 -3.8835026376197033
-194.88541679387552 2.0926102965734747
-196.94656074447414 -0.8948424596820688
-199.0077046950728 4.9177104815023
-201.0688486456714 11.340317893954019
-203.12999259627006 4.315610782250355
-205.19113654686868 1.3318862142259884
-207.25228049746735 4.15235677095267
-209.313424448066 -2.441628047996414
-211.37456839866462 3.382964832780196
-213.43571234926327 7.096812257376675
-215.4968562998619 -1.5760550245480887
-217.55800025046057 4.038173106516326
-219.61914420105919 7.710874575727584
-221.68028815165783 -0.963508415912717
-223.74143210225645 3.2509101863847474
-225.80257605285513 9.635934758914944
-227.86372000345375 -1.0854321154366675
-229.9248639540524 0.5338472033530167
-231.98600790465102 9.43530151580658
-234.04715185524967 2.3777421857117447
-236.10829580584831 -4.347259168846849
-238.16943975644696 2.3085247742762145
-240.23058370704558 5.951486826248492
-242.29172765764423 4.693063745428825
-244.35287160824285 -0.7541835806027918
-246.41401555884153 15.696229163716028
-248.47515950944018 -1.3531084318759357
-250.5363034600388 12.296231024922546
-252.59744741063744 9.205541971465435
-254.6585913612361 -2.4371169901272296
-256.7197353118347 9.366788413895833
