# BEGINHEADER
# This file contains data from the SALSA 2m radio telescope.
# DATE=2022-12-10T13:15:0007
# GLON and GLAT given in degrees
# GLON=59.82074291532864
# GLAT=0.11065289757786066
# DATA in two columns below. Col. 1 is velocity relative to LSR [km/s]. Col. 2 is uncalibrated antenna temperature [K].
# ENDHEADER
267.99188526416333 -0.48794954401502305
265.9307413135647 5.162814828998947
263.869597362966 11.197498194359252
261.8084534123674 -1.7117838503892908
259.74730946176874 11.92782567581671
257.6861655111701 5.540401660702765
255.62502156057144 11.39676566253147
253.56387760997282 2.855835518197397
251.50273365937417 12.22434409173564
249.44158970877552 12.193725620360834
247.38044575817688 6.379390235490663
245.31930180757826 0.04830722976368233
243.2581578569796 -3.6599614089302452
241.19701390638096 9.334800079714247
239.1358699557823 1.4107802144494652
237.0747260051837 12.000719030821832
235.01358205458504 9.942798268247294
232.95243810398642 11.860778870735484
230.89129415338775 7.993684618952035
228.83015020278913 13.667590145037419
226.76900625219048 5.501156600854446
224.70786230159186 9.324287170428533
222.6467183509932 3.5828578496054155
220.58557440039453 5.985749838889646
218.52443044979591 12.903580022431829
216.46328649919727 6.376614562068984
214.40214254859865 6.638224466331451
212.34099859799997 9.604877537903883
210.27985464740135 8.638155959555712
208.2187106968027 9.859676340598856
206.15756674620408 7.120979424793136
204.09642279560543 8.564506582945196
202.0352788450068 4.3704043250608455
199.97413489440814 2.7100847378810062
197.91299094380952 13.803069955344716
195.85184699321087 12.011366119082453
193.79070304261225 14.116990045884382
191.72955909201357 16.70137942252159
189.66841514141495 12.589186475474019
187.6072711908163 4.589625682224936
185.5461272402177 10.764675606722639
183.484983289619 14.64292174248114
181.42383933902036 10.73783705164615
179.36269538842174 2.653243368136138
177.3015514378231 -1.5571280968722447
175.24040748722447 11.557014911299731
173.1792635366258 17.407861905825587
171.11811958602718 16.094766160858153
169.05697563542853 5.906794933455099
166.9958316848299 7.506168996172642
164.93468773423126 14.8863845879316
162.8735437836326 12.286989604724802
160.81239983303396 2.7931145656175693
158.75125588243534 9.06543922582352
156.6901119318367 2.898207579415038
154.62896798123808 8.747067206275387
152.5678240306394 21.631900560895552
150.50668008004078 15.50173015619847
148.44553612944213 18.44802346165528
146.3843921788435 14.381272400631058
144.32324822824484 7.705423864115979
142.2621042776462 13.749602338739438
140.20096032704757 10.030887587683287
138.13981637644892 6.927973670118734
136.0786724258503 6.376715305132206
134.01752847525162 5.298312396404899
131.956384524653 13.676666295254863
129.89524057405436 13.803110390311906
127.83409662345572 3.207153034719794
125.77295267285709 4.364092135294403
123.71180872225844 9.881473441875281
121.65066477165979 10.685416603304555
119.58952082106116 13.492076388200188
117.52837687046251 9.587258597154376
115.46723291986387 12.332209662024983
113.40608896926523 4.522676073497136
111.34494501866659 5.524499610027412
109.28380106806796 9.447918538282567
107.22265711746931 14.902422685026695
105.16151316687068 11.052412371602339
103.10036921627203 17.12843477455638
101.0392252656734 10.847157831926232
98.97808131507475 15.228922845155864
96.9169373644761 16.856258661192246
94.85579341387746 9.981115285005242
92.79464946327882 7.240569687638562
90.73350551268018 13.125152082977985
88.67236156208155 10.890954616755591
86.61121761148289 12.005810824249123
84.55007366088425 3.6904890887517063
82.4889297102856 14.24491307619828
80.42778575968697 12.544625156380167
78.36664180908834 8.657849489492126
76.30549785848969 11.906994696483672
74.24435390789105 9.633326902153986
72.1832099572924 13.439326439872257
70.12206600669377 7.993586758221246
68.06092205609512 16.264441341611207
65.99977810549649 11.559329632745646
63.93863415489785 13.073084850479841
61.87749020429921 13.988263628678483
59.816346253700566 11.394928255465812
57.75520230310192 6.0229379515223265
55.69405835250328 12.895996569582849
53.63291440190464 19.527676680571734
51.571770451306 19.08504836849605
49.51062650070737 17.77410753545639
47.449482550108726 17.114726455266208
45.388338599510085 31.30957272590264
43.327194648911444 38.35760579591063
41.2660506983128 41.03752356153115
39.20490674771417 43.55402684858347
37.14376279711552 46.88578260072492
35.08261884651688 65.234521972497
33.02147489591824 70.66432759872616
30.960330945319598 77.68169431922577
28.89918699472096 86.23661535725132
26.83804304412232 80.79619737924544
24.776899093523678 74.05069716887189
22.715755142925037 81.75539899321274
20.654611192326396 86.8456412742059
18.593467241727755 91.57463085302426
16.532323291129114 91.27380343271999
14.471179340530474 103.59795046863626
12.410035389931833 105.72263563554704
10.34889143933319 116.57272616799523
8.287747488734551 105.49041967205672
6.226603538135909 100.82593458417227
4.165459587537269 92.3205379160747
2.104315636938628 89.35591199006676
0.04317168633998756 68.998507412841
-2.0179722642586535 59.47892016425974
-4.079116214857294 55.230439152084955
-6.140260165455935 58.24936907749561
-8.201404116054578 38.83210204627498
-10.262548066653217 37.5230123678576
-12.323692017251856 47.38718126545015
-14.384835967850497 37.025899429055805
-16.44597991844914 35.03318577405876
-18.507123869047778 34.85744984314599
-20.56826781964642 26.364832049825207
-22.62941177024506 28.948639577540817
-24.6905557208437 26.74813264216794
-26.751699671442342 15.288086098493455
-28.812843622040983 17.23087389645165
-30.873987572639624 20.176937281058187
-32.93513152323826 19.92989467120196
-34.9962754738369 19.602741583029644
-37.057419424435544 16.308220887594626
-39.118563375034185 11.951246794425064
-41.17970732563283 11.537070443348131
-43.24085127623147 28.193199775078636
-45.30199522683011 17.02737815837806
-47.36313917742875 23.434509035168276
-49.42428312802739 27.942710948786804
-51.48542707862604 36.293970781814
-53.54657102922467 45.188917366361814
-55.607714979823314 38.5976059202043
-57.668858930421955 42.72261247484661
-59.7300028810206 43.901438144627434
-61.791146831619244 39.39418225040439
-63.852290782217885 36.985336391093064
-65.91343473281651 45.80051963138849
-67.97457868341516 39.61013516870106
-70.03572263401381 44.58360001706729
-72.09686658461246 33.65533629284205
-74.15801053521109 27.14683199360915
-76.21915448580972 30.31526442762078
-78.28029843640837 30.187595843795133
-80.341442387007 21.551514524155976
-82.40258633760565 16.89600703825424
-84.46373028820429 20.061544883553655
-86.52487423880294 10.276859844378068
-88.58601818940157 19.495774924974167
-90.6471621400002 14.181692484015484
-92.70830609059885 8.611894220341195
-94.76945004119749 12.592286601885336
-96.83059399179614 6.770636330378329
-98.89173794239477 10.17238283046583
-100.9528818929934 9.439629062970905
-103.01402584359204 -0.12819430533706436
-105.07516979419069 6.609533212912075
-107.13631374478932 7.560086021140212
-109.19745769538797 7.123266152825791
-111.25860164598662 7.78104203946637
-113.31974559658525 4.932510745266174
-115.3808895471839 -0.8161518718460405
-117.44203349778253 2.1699170518490987
-119.50317744838118 0.060209671399331
-121.56432139897981 13.893777366678972
-123.62546534957845 4.261635230636757
-125.6866093001771 2.1861277533561037
-127.74775325077573 9.564781598738538
-129.80889720137438 4.615016419414094
-131.87004115197303 6.195251558824791
-133.93118510257165 8.296427361906478
-135.9923290531703 5.893229264804038
-138.05347300376894 6.443321389979229
-140.1146169543676 4.543212039399666
-142.1757609049662 2.316290565560633
-144.23690485556486 12.948871376757895
-146.2980488061635 6.324325633012874
-148.35919275676216 4.671706997163162
-150.42033670736078 1.2019591404385876
-152.48148065795942 5.269118507510411
-154.54262460855804 4.475598539950096
-156.60376855915672 4.183626478619492
-158.66491250975534 1.476382105832226
-160.726056460354 0.05182074660764832
-162.7872004109526 6.5718470077957685
-164.84834436155126 -3.1004352400503414
-166.90948831214993 3.938072431569177
-168.97063226274855 13.153121358675769
-171.0317762133472 3.821716158573182
-173.09292016394582 6.157664621738348
-175.1540641145445 7.361318819733965
-177.21520806514312 1.5460174407180105
-179.27635201574176 4.849139771077923
-181.33749596634038 6.079851811933549
-183.39863991693903 6.027227808698303
-185.45978386753768 9.545272370499688
-187.52092781813633 -2.210905679849955
-189.58207176873495 -1.4485285398976326
-191.6432157193336 1.3684669327228747
-193.70435966993222 2.344735342784486
-195.7655036205309 -0.3033647113998013
-197.8266475711295 1.8473370622276886
-199.88779152172816 0.1281021624039135
-201.94893547232678 3.301652193722668
-204.01007942292546 2.608905370336951
-206.0712233735241 0.3962848857448677
-208.13236732412273 -6.281273883278636
-210.19351127472137 -0.8877795980957232
-212.25465522532 6.057952818805389
-214.31579917591867 6.544211162171815
-216.3769431265173 8.245986486481703
-218.43808707711594 7.169382997733239
-220.49923102771456 -10.608999598681558
-222.5603749783132 -1.1920796319039768
-224.62151892891185 6.011923892510981
-226.6826628795105 8.445499328789548
-228.74380683010912 0.9346941565589099
-230.80495078070777 1.8878814536637716
-232.8660947313064 4.005176721861063
-234.92723868190507 0.15209383356192
-236.9883826325037 9.254204709410535
-239.04952658310233 0.8522986368677461
-241.11067053370095 0.7134185602629253
-243.17181448429963 4.732555859147795
-245.23295843489828 -2.132857016365955
-247.2941023854969 1.7734145748597787
-249.35524633609555 3.0067941815442736
-251.41639028669417 -0.7289246008986887
-253.47753423729284 2.7797327711380073
-255.53867818789146 3.5275318011769183
-257.5998221384901 5.193687279947653
