# BEGINHEADER
# This file contains data from the SALSA 2m radio telescope.
# DATE=2022-12-10T13:35:0023
# GLON and GLAT given in degrees
# GLON=54.86982681257789
# GLAT=0.18014929649772174
# DATA in two columns below. Col. 1 is velocity relative to LSR [km/s]. Col. 2 is uncalibrated antenna temperature [K].
# ENDHEADER
268.45726955789837 -4.502480229274802
266.39612560729967 -11.205288948794797
264.3349816567011 -8.878936962964648
262.2738377061024 -4.421974231057467
260.2126937555038 -6.155288574633834
258.15154980490513 -4.166212999593713
256.0904058543065 -9.191466973887866
254.02926190370786 -4.09126854833096
251.9681179531092 -1.0670356515491497
249.90697400251057 -9.590838020531686
247.84583005191195 -0.22148857135451666
245.7846861013133 -24.044998226386614
243.72354215071468 -20.747650151294604
241.662398200116 3.753508993596283
239.60125424951738 -7.897462328101428
237.54011029891873 3.2281590254039716
235.4789663483201 -8.17939648421916
233.41782239772144 -5.739835713315875
231.35667844712282 -9.200282885329303
229.29553449652417 -5.449560053517617
227.23439054592555 -4.9192071067922996
225.1732465953269 -7.794182444126074
223.11210264472825 -10.376969090606915
221.0509586941296 -14.545316003431472
218.98981474353096 -7.248510378242016
216.92867079293234 -15.972563436730038
214.8675268423337 -11.813993154510467
212.80638289173504 -7.568967778872901
210.7452389411364 -9.789308640480918
208.68409499053777 -6.092607146674397
206.62295103993912 -6.895421947246659
204.56180708934048 -4.2764468834548675
202.50066313874183 -7.88253667283004
200.4395191881432 -9.384569890743377
198.37837523754456 2.0543973380239793
196.3172312869459 -9.899613224973233
194.25608733634726 -6.076979986647158
192.19494338574862 -5.593171253339169
190.13379943514997 -6.110095728409039
188.07265548455135 -2.1588344575295793
186.0115115339527 -0.5769075080036494
183.95036758335408 -5.45003536717415
181.8892236327554 -5.958144235723469
179.82807968215675 -2.8691422223408236
177.76693573155814 -6.533941671235297
175.7057917809595 4.17032882590554
173.64464783036087 8.742740944331342
171.5835038797622 -1.0146785006657448
169.52235992916357 -2.0884621261756138
167.46121597856492 -9.318989664436456
165.4000720279663 -4.391092958127365
163.33892807736763 -4.039209504553541
161.277784126769 -7.103691222790889
159.21664017617036 4.8776613643183
157.15549622557174 -0.17761401854252057
155.0943522749731 1.320945068622449
153.03320832437444 2.2235479656344217
150.9720643737758 -6.806538076777891
148.91092042317717 -7.11445928345288
146.84977647257853 -7.355443027495356
144.7886325219799 -3.441018888118354
142.72748857138123 2.7562743444036517
140.66634462078258 -1.6467481674022286
138.60520067018396 -11.282291922530513
136.5440567195853 -9.232353542792426
134.48291276898667 -4.467311393276503
132.42176881838802 -5.6817939505751145
130.3606248677894 -2.930069796653028
128.29948091719075 -5.135454727812393
126.23833696659212 -1.4879028497388496
124.17719301599347 -7.8180685878078755
122.11604906539482 2.3615373180254076
120.05490511479618 -5.512799084173596
117.99376116419755 -5.6919654877653025
115.9326172135989 1.8249124275945483
113.87147326300027 -5.4269585821462165
111.81032931240162 -6.509557750189042
109.74918536180299 -0.6968798072695687
107.68804141120434 -2.9369142496071925
105.6268974606057 -2.8891209279152994
103.56575351000707 -3.2504398878182656
101.50460955940842 -4.905346663032368
99.44346560880979 -6.436470936313924
97.38232165821115 0.8775473265428533
95.32117770761252 -4.913099219361459
93.26003375701387 -6.699454823894932
91.19888980641524 -2.6966849484059616
89.13774585581659 -2.150950844413247
87.07660190521796 2.0542703319058635
85.0154579546193 -9.640722906854387
82.95431400402066 -3.8144806899420356
80.89317005342203 -2.5105560435957175
78.83202610282338 -0.8735472999671117
76.77088215222474 3.643462564382129
74.7097382016261 2.3252193534956023
72.64859425102746 2.1106663739951315
70.58745030042883 5.927985938507844
68.52630634983018 3.8831544638744417
66.46516239923155 1.1816858713992398
64.4040184486329 12.750397244713762
62.34287449803426 10.365768963329186
60.28173054743562 15.57098942158743
58.22058659683698 21.47984799880651
56.15944264623833 25.217317011615243
54.09829869563969 24.339166215020718
52.03715474504105 32.447897979455696
49.976010794442416 35.01378169644079
47.914866843843775 38.93623215432133
45.853722893245134 37.632674348285285
43.79257894264649 52.194276129969026
41.73143499204785 50.298414066741906
39.67029104144921 44.21861126828752
37.60914709085056 52.20422666491868
35.54800314025193 49.293467039531194
33.48685918965329 65.5146678756345
31.425715239054647 67.04479959785478
29.364571288456006 64.99690025015124
27.303427337857364 56.24907876973774
25.242283387258727 52.29610581007541
23.18113943666008 62.52757872957059
21.119995486061438 64.29569797215085
19.0588515354628 63.79598191284528
16.99770758486416 65.89571664948613
14.936563634265518 59.88095937795428
12.875419683666877 69.76581921588733
10.814275733068236 73.52398458525732
8.753131782469596 73.3180824299751
6.6919878318709545 67.57900660467931
4.630843881272313 59.02972085432611
2.569699930673673 61.74156200123365
0.5085559800750326 54.041296107031265
-1.5525879705236085 42.06209956456224
-3.6137319211222496 32.4322582344575
-5.67487587172089 34.070472398397264
-7.7360198223195304 26.625710310955785
-9.797163772918172 29.51032965014003
-11.85830772351681 16.281395526890428
-13.919451674115454 13.76762739358286
-15.980595624714093 11.805516524943464
-18.041739575312736 4.436634114771591
-20.102883525911377 11.715305951623915
-22.164027476510014 9.594548805253178
-24.225171427108656 5.88406858580574
-26.286315377707297 4.551216850640675
-28.347459328305938 10.950460283534081
-30.408603278904575 -0.7179230793833723
-32.46974722950322 11.355533098607193
-34.530891180101854 2.322623893719743
-36.592035130700495 1.360098309080516
-38.653179081299136 6.136954981401166
-40.714323031897784 3.8601946548625996
-42.775466982496425 11.959960449931357
-44.836610933095066 14.634768116665414
-46.8977548836937 20.039545733143125
-48.95889883429234 9.961539156402404
-51.02004278489098 20.150468660988643
-53.081186735489624 22.620625068675544
-55.142330686088265 20.05044998075086
-57.203474636686906 17.050881738873763
-59.264618587285554 17.67728152982093
-61.32576253788419 15.699444969950552
-63.38690648848283 5.452580541587513
-65.44805043908147 11.35297317142762
-67.5091943896801 10.653731919956023
-69.57033834027875 11.82003028206288
-71.6314822908774 8.122229047921921
-73.69262624147603 2.360494449141261
-75.75377019207468 2.023663447485276
-77.81491414267332 5.514085767906091
-79.87605809327196 -3.7878831783018563
-81.9372020438706 -3.1915996999176226
-83.99834599446923 -12.038844222576152
-86.05948994506788 -8.202202412856606
-88.12063389566651 -3.8274301711516827
-90.18177784626516 -3.76781609712647
-92.2429217968638 -2.809791807010473
-94.30406574746245 -7.936897968497813
-96.36520969806108 -7.894218034898163
-98.42635364865971 -5.892812628983328
-100.48749759925838 -10.515025454384046
-102.54864154985701 -8.604794808428212
-104.60978550045564 -6.8441744676206655
-106.6709294510543 -19.002637999213945
-108.73207340165294 -8.0379988294668
-110.79321735225159 -7.1174213072614005
-112.85436130285022 -5.207023418750309
-114.91550525344887 -4.066702545057128
-116.9766492040475 -4.8218519269733155
-119.03779315464614 -15.31821244390359
-121.09893710524479 -10.344557208247585
-123.16008105584342 -2.755947583137212
-125.22122500644207 -6.7824397692650065
-127.2823689570407 -8.817417880413474
-129.34351290763937 -10.999515587111421
-131.40465685823798 -7.610513051581184
-133.46580080883663 -6.739563741940513
-135.52694475943525 -4.302214151887586
-137.58808871003393 -15.71246959950889
-139.64923266063255 -7.89783996333185
-141.7103766112312 -10.943686970538371
-143.77152056182982 -14.460181158227954
-145.83266451242847 -9.948759215504353
-147.8938084630271 -11.388107354589504
-149.95495241362576 -16.300561203877916
-152.01609636422438 -15.483102113924739
-154.07724031482303 -0.6125145309738166
-156.13838426542168 -5.823977437863196
-158.19952821602033 -8.921810896036174
-160.26067216661895 -13.465806224175779
-162.3218161172176 -9.898335088675294
-164.3829600678162 -12.161529728570228
-166.4441040184149 -6.608879838403437
-168.50524796901354 -8.764861988510695
-170.56639191961216 -11.555208960820035
-172.6275358702108 -7.60482545366853
-174.68867982080943 -5.305207040081798
-176.7498237714081 -7.943761343572275
-178.81096772200672 -7.814992115811134
-180.87211167260537 -10.29271516931165
-182.933255623204 -4.829060785183101
-184.99439957380264 -16.530171055273637
-187.0555435244013 -7.2785592144361475
-189.11668747499994 -8.821748978966188
-191.17783142559855 -13.621731922802057
-193.2389753761972 -7.777336144166367
-195.30011932679585 -17.215526270010724
-197.3612632773945 -4.542680428815857
-199.4224072279931 -12.289386399606174
-201.48355117859174 -4.9634116079966235
-203.5446951291904 -5.809396180374023
-205.60583907978904 -4.604001131575996
-207.66698303038768 -8.661428089348671
-209.7281269809863 -8.655763929940605
-211.78927093158498 -5.746089362798929
-213.8504148821836 -17.73749287225288
-215.91155883278225 -11.79030590242854
-217.97270278338087 -4.73737143070914
-220.03384673397952 -11.201554923154342
-222.09499068457816 -6.490456265746061
-224.1561346351768 -10.287843112041747
-226.21727858577543 -6.920634312102737
-228.27842253637408 -10.723631818128439
-230.3395664869727 -16.988643753177723
-232.40071043757138 -8.198884090011148
-234.46185438817 -7.375281722806308
-236.52299833876864 -1.1111878223050362
-238.58414228936726 -9.940786280246364
-240.6452862399659 -9.499746520156847
-242.70643019056456 -14.91764534196697
-244.7675741411632 -7.275679181460289
-246.82871809176186 -6.486480003355331
-248.88986204236048 -10.119956809459126
-250.95100599295915 -15.574738194420362
-253.01214994355777 -6.414642630653449
-255.07329389415642 -3.0431352453961793
-257.13443784475504 -10.190186036627667
