# BEGINHEADER
# This file contains data from the SALSA 2m radio telescope.
# DATE=2022-12-10T14:02:0048
# GLON and GLAT given in degrees
# GLON=34.842698349547284
# GLAT=0.23802625587174664
# DATA in two columns below. Col. 1 is velocity relative to LSR [km/s]. Col. 2 is uncalibrated antenna temperature [K].
# ENDHEADER
269.92082192272545 0.39055056166740704
267.85967797212686 12.587715138577051
265.7985340215282 0.28951556262235495
263.73739007092956 4.918817627717486
261.6762461203309 4.51150745300126
259.61510216973227 12.109491479919491
257.5539582191336 12.956847263994858
255.492814268535 8.8644483868787
253.43167031793638 17.13896672100542
251.37052636733773 6.789628256064831
249.30938241673908 12.097819650311106
247.24823846614044 12.530825220007765
245.18709451554182 5.0253779276548025
243.12595056494317 3.0490707749197337
241.06480661434452 5.474251799821302
239.00366266374587 12.977732421415796
236.94251871314725 8.78244796866397
234.8813747625486 12.363651685741788
232.82023081194998 14.292767421530309
230.7590868613513 9.864433268108026
228.69794291075266 7.311888015783114
226.63679896015404 14.950683459058096
224.5756550095554 13.629183299004138
222.51451105895677 15.688420236643053
220.4533671083581 6.28865441359939
218.39222315775947 8.725212793056603
216.33107920716083 12.100691877599415
214.2699352565622 11.260078520993737
212.20879130596356 15.263210177735713
210.1476473553649 15.537664824613548
208.08650340476626 13.561113629142346
206.02535945416764 12.628889410967602
203.964215503569 4.620445777839054
201.90307155297035 6.516943348210925
199.8419276023717 9.972314980599771
197.78078365177308 8.331299404199974
195.71963970117443 11.843817227789618
193.6584957505758 7.755779437268373
191.59735179997713 9.602923165922075
189.53620784937848 10.769029368785203
187.47506389877987 8.108966254802434
185.41391994818122 12.760875815329772
183.3527759975826 10.375792870964954
181.29163204698392 17.190908323756833
179.2304880963853 13.187414017895124
177.16934414578665 13.65616171899145
175.10820019518803 17.94563405986305
173.04705624458936 15.079569948673358
170.98591229399074 19.454026997376
168.9247683433921 15.77934318941452
166.86362439279347 10.367353267642725
164.80248044219482 12.71290180047187
162.74133649159617 16.425731888933676
160.68019254099752 15.421579733710878
158.6190485903989 9.266808865602716
156.55790463980026 5.935878560976976
154.49676068920164 10.666128352145993
152.43561673860296 11.852923465418622
150.3744727880043 14.915532169369174
148.3133288374057 12.057510883585795
146.25218488680704 8.377119882177228
144.1910409362084 8.659449856294822
142.12989698560975 11.88322207147315
140.06875303501113 9.132623819011279
138.00760908441248 6.955282993890219
135.94646513381386 7.55093114528973
133.88532118321518 8.140592555247766
131.82417723261656 11.154655312018715
129.76303328201791 10.685410388327885
127.70188933141928 12.476200850546494
125.64074538082063 3.552021791201255
123.579601430222 8.503577508244241
121.51845747962335 11.956238725737801
119.45731352902472 12.024922802335201
117.39616957842607 9.863090042760112
115.33502562782743 16.42155563156423
113.2738816772288 17.32511051788069
111.21273772663015 14.066571214145076
109.15159377603152 19.818409691478784
107.09044982543287 24.14227354523339
105.02930587483424 21.61767783266985
102.96816192423559 28.115864479871114
100.90701797363695 30.26011893709476
98.8458740230383 22.73576690607286
96.78473007243964 30.75316470357441
94.72358612184101 33.3052714346713
92.66244217124238 37.30437639296741
90.60129822064373 41.69948287624401
88.5401542700451 36.5789696238355
86.47901031944645 44.829518106041775
84.41786636884781 41.06182661657682
82.35672241824916 44.78402079639998
80.29557846765053 41.122088376639574
78.2344345170519 47.14250762610256
76.17329056645325 41.681506514766994
74.11214661585461 51.54816182915219
72.05100266525596 43.566136583471305
69.98985871465733 39.85146214985789
67.92871476405868 48.33552534893147
65.86757081346005 47.426941669283465
63.8064268628614 52.61976752172059
61.74528291226276 35.518052272247175
59.684138961664125 49.89846297757268
57.622995011065484 61.252948311488645
55.56185106046684 56.642725127394485
53.5007071098682 67.6935266210265
51.43956315926956 67.05414385848553
49.37841920867093 55.30336946331539
47.31727525807228 61.64949926153367
45.25613130747364 65.02994160726138
43.194987356875 78.72597103668882
41.13384340627636 69.55387382653117
39.07269945567772 82.12467701725596
37.01155550507908 71.6916187309819
34.95041155448044 74.57064151570904
32.8892676038818 80.80656155301163
30.828123653283157 66.82162502153102
28.766979702684516 70.40872152128489
26.705835752085875 67.1595682822023
24.644691801487237 70.03319182528614
22.583547850888593 76.85975944705254
20.52240390028995 73.45292897990669
18.461259949691314 80.18817693708621
16.400115999092673 87.29558341906983
14.33897204849403 83.20166445718142
12.27782809789539 89.45812271124878
10.216684147296748 89.01872172125667
8.155540196698109 86.28238849149726
6.094396246099468 77.40833070412202
4.0332522955008265 68.95763549538798
1.972108344902186 78.07783256232749
-0.0890356056964549 54.952175968458086
-2.150179556295096 46.55046176318385
-4.211323506893737 34.30158662612068
-6.272467457492378 30.36807661406034
-8.333611408091018 22.162307260883704
-10.39475535868966 22.37318826677971
-12.4558993092883 16.381720945589496
-14.51704325988694 25.788409147856058
-16.57818721048558 27.856147468255426
-18.639331161084222 21.31974237734235
-20.700475111682863 24.11920532757194
-22.761619062281504 26.634869139889013
-24.822763012880145 27.736380964585933
-26.883906963478786 27.72941096467902
-28.945050914077427 31.008111299708663
-31.006194864676065 30.279613734993656
-33.06733881527471 31.41403591945631
-35.12848276587335 31.406523414282905
-37.18962671647199 28.89084873197414
-39.25077066707063 24.24208151916556
-41.31191461766927 17.53712169119812
-43.37305856826791 31.07634129845796
-45.43420251886655 24.038942855632584
-47.49534646946519 18.582657121188383
-49.556490420063845 28.59527889137031
-51.61763437066248 25.1753015893654
-53.67877832126112 24.73434994681548
-55.73992227185976 16.350284397987323
-57.8010662224584 18.898882326318677
-59.86221017305704 21.621788444196387
-61.923354123655685 9.837972451606825
-63.984498074254326 7.542180953759332
-66.04564202485297 7.0295393463051985
-68.10678597545161 5.862943781198532
-70.16792992605025 6.380162150017517
-72.22907387664888 8.474422324560788
-74.29021782724753 10.277362259914167
-76.35136177784617 7.345814768047919
-78.41250572844481 11.173057781953103
-80.47364967904345 14.998892990220678
-82.5347936296421 4.702077801845065
-84.59593758024073 4.355394955179937
-86.65708153083936 2.590562002180737
-88.71822548143801 8.909201214950736
-90.77936943203665 7.304948779248699
-92.8405133826353 7.654915928463801
-94.90165733323393 10.697820539921302
-96.96280128383259 7.710717824683964
-99.02394523443122 4.396433362688425
-101.08508918502986 2.862890396204466
-103.14623313562849 7.898739150025053
-105.20737708622714 5.35515560775898
-107.26852103682577 0.9337470716440577
-109.32966498742441 8.423862740421653
-111.39080893802306 5.412813974181815
-113.45195288862169 7.276428593905815
-115.51309683922034 -0.47604927445603945
-117.57424078981897 2.2957290054429764
-119.63538474041762 1.461130145849151
-121.69652869101625 0.4168746041882943
-123.75767264161489 8.406392016113761
-125.81881659221354 3.5830767891825612
-127.87996054281217 7.849625549314548
-129.94110449341082 2.789645219275378
-132.00224844400947 1.0054576953008052
-134.0633923946081 7.1580897233892005
-136.12453634520674 1.4282170406205559
-138.18568029580538 5.037131829924212
-140.24682424640403 4.2285812941869
-142.30796819700265 -6.789739448302534
-144.3691121476013 1.0966647477650362
-146.43025609819995 4.908324830454252
-148.4914000487986 4.041413822966852
-150.55254399939722 -0.8806286185568521
-152.61368794999586 -2.1267411751766323
-154.67483190059448 4.666891896242297
-156.73597585119316 -7.414443012918746
-158.7971198017918 5.82343101583928
-160.85826375239043 5.605354729288905
-162.91940770298908 6.980760104717609
-164.9805516535877 5.948262837089638
-167.04169560418637 4.449983137943924
-169.102839554785 7.859900580335264
-171.16398350538364 1.7335827235144494
-173.22512745598226 -0.6631486871694514
-175.2862714065809 4.602618123320547
-177.34741535717956 4.888838640417847
-179.4085593077782 0.4517242328116662
-181.46970325837682 5.615871479985892
-183.53084720897547 -1.5977638186866967
-185.59199115957412 9.863796101563857
-187.65313511017277 5.371053046724653
-189.7142790607714 3.00978958410157
-191.77542301137004 6.70253240200889
-193.83656696196866 1.3185580708893314
-195.89771091256733 1.5214504130315858
-197.95885486316598 8.081026424243493
-200.0199988137646 5.331652924496044
-202.08114276436325 -0.6025557134354452
-204.14228671496187 2.1473036679424045
-206.20343066556055 1.5742333628319238
-208.26457461615917 0.1360827654685922
-210.3257185667578 2.4859518316459224
-212.38686251735643 -1.9378174008395896
-214.4480064679551 5.586161670368841
-216.50915041855373 7.537143627396318
-218.57029436915238 -1.8617788064344647
-220.631438319751 2.9244443487835614
-222.69258227034965 -1.0591878676747972
-224.7537262209483 -4.8147555053126325
-226.81487017154694 -4.121668019778586
-228.87601412214556 9.589977780437307
-230.9371580727442 4.089889794432656
-232.99830202334283 4.81123059166063
-235.0594459739415 1.7406574625869045
-237.12058992454016 9.068673414237708
-239.18173387513878 8.5223829648291
-241.24287782573742 7.755626677359118
-243.30402177633607 9.626600900000351
-245.36516572693472 11.955891452691425
-247.42630967753334 -1.67361064711975
-249.487453628132 -0.3708216369854881
-251.5485975787306 11.866409554320276
-253.60974152932928 5.790062625938989
-255.6708854799279 3.6641807528551014
