# BEGINHEADER
# This file contains data from the SALSA 2m radio telescope.
# DATE=2022-12-10T13:50:0047
# GLON and GLAT given in degrees
# GLON=44.82551871600023
# GLAT=0.21813932411114872
# DATA in two columns below. Col. 1 is velocity relative to LSR [km/s]. Col. 2 is uncalibrated antenna temperature [K].
# ENDHEADER
269.25863610280635 1.759347468664893
267.1974921522077 -2.1933309946063866
265.13634820160905 -3.8695501909232997
263.07520425101046 3.0521810975153536
261.01406030041176 -1.8584276999687768
258.95291634981317 3.1929303447599384
256.8917723992145 2.0437045918761854
254.83062844861587 5.998996781291629
252.76948449801722 9.517009904962366
250.70834054741857 4.506588657942947
248.64719659681995 12.920149527670922
246.5860526462213 -6.518124543282127
244.52490869562268 -7.786219873158708
242.463764745024 7.986044300038438
240.4026207944254 0.4503451974880499
238.34147684382674 0.5766456495420427
236.2803328932281 -0.83463449365516
234.21918894262944 -1.7731392403575543
232.1580449920308 5.761333317133958
230.09690104143218 2.8330043003611673
228.03575709083353 2.277240739097357
225.9746131402349 -3.05824887603535
223.91346918963623 -7.779582075910242
221.8523252390376 1.253794155407565
219.79118128843896 4.075443059630125
217.73003733784034 2.6917215246318755
215.6688933872417 5.747507570111464
213.60774943664305 -0.19673604693852878
211.5466054860444 1.685387727887478
209.48546153544578 1.3672502126126034
207.42431758484713 5.853099076706847
205.36317363424848 -2.4655745391202033
203.30202968364983 6.277763394759683
201.2408857330512 0.465025449673433
199.17974178245257 -2.4914983621089934
197.11859783185392 9.581037369027136
195.0574538812553 5.941784393034293
192.99630993065665 3.2413424397280437
190.93516598005803 2.872723372811797
188.87402202945938 5.1459586456411515
186.81287807886073 2.4214686678779533
184.7517341282621 4.919948704375041
182.69059017766347 18.166817292175388
180.62944622706482 3.2011695704377283
178.56830227646617 2.9726885425798075
176.50715832586752 11.51864278157732
174.4460143752689 4.878299679213474
172.38487042467025 3.1593336310656315
170.32372647407163 8.24207537301971
168.26258252347296 5.014590776959418
166.20143857287434 -1.6634730390996593
164.1402946222757 5.124363998786868
162.07915067167707 12.182343928346445
160.01800672107842 2.8095649230919646
157.95686277047974 2.8122063711742364
155.89571881988113 3.5097195121142555
153.83457486928248 7.414153943487099
151.77343091868386 17.850502200679546
149.71228696808518 7.132984521921516
147.65114301748656 4.44946353009534
145.5899990668879 1.164614558231111
143.5288551162893 -0.8494819152107039
141.46771116569064 11.895784950356546
139.406567215092 4.471691646352617
137.34542326449335 3.4449182648913568
135.28427931389473 7.706084965625761
133.22313536329608 12.213705189478581
131.16199141269746 11.89072093503296
129.1008474620988 3.0094623654604633
127.03970351150015 10.636157517256718
124.97855956090152 10.291361309461571
122.91741561030287 -2.0994543584623706
120.85627165970423 2.4597216575006686
118.7951277091056 5.328450079528078
116.73398375850695 9.563057662633625
114.67283980790832 1.1821652213821174
112.61169585730967 1.3803866301123497
110.55055190671104 -0.5435994521662869
108.48940795611239 5.114639370713514
106.42826400551375 8.123736674298648
104.36712005491512 4.3022017610224115
102.30597610431646 12.843491101605652
100.24483215371782 0.6121341043776302
98.18368820311917 7.30374441506087
96.12254425252054 14.32029172301471
94.06140030192189 -3.8879660627557837
92.00025635132326 11.15145643501719
89.93911240072462 10.289874934000526
87.87796845012598 6.419790551756917
85.81682449952734 10.96727388804901
83.7556805489287 12.594962229884523
81.69453659833006 12.974825079999952
79.63339264773141 17.618257862238586
77.57224869713278 25.402490683913957
75.51110474653414 27.008286839074255
73.4499607959355 40.778659950162854
71.38881684533686 38.97840210815728
69.32767289473821 41.132017919032215
67.26652894413958 53.452615059574214
65.20538499354093 51.15476278974669
63.14424104294229 60.48434687336779
61.08309709234365 61.95371720650034
59.02195314174501 77.1959552122911
56.960809191146375 75.54062033303039
54.89966524054773 69.88300539180061
52.838521289949085 73.85472029319185
50.777377339350444 61.970310194655255
48.7162333887518 60.06073810612382
46.65508943815316 54.643267844989964
44.59394548755453 72.04006840241901
42.53280153695589 70.91204519815484
40.471657586357246 64.20693044060496
38.410513635758605 65.63489440529837
36.349369685159964 68.71249876582804
34.288225734561316 65.89586872850802
32.22708178396268 73.11231285429336
30.165937833364037 74.63524665483632
28.104793882765396 67.25307971071018
26.04364993216676 68.22639124567132
23.982505981568114 67.11469639298299
21.921362030969476 72.94231833037114
19.86021808037083 74.56557701724563
17.79907412977219 62.38335444540053
15.737930179173551 70.0627342389962
13.676786228574908 66.60089403198302
11.615642277976269 72.40904257888464
9.55449832737763 78.19979548244224
7.493354376778987 77.72822722955839
5.432210426180347 81.78873287230425
3.3710664755817064 73.72593364568276
1.3099225249830653 58.37953208072487
-0.7512214256155756 49.89765866865927
-2.8123653762142165 41.543901474612376
-4.873509326812857 32.39048822036701
-6.934653277411497 17.129363797764633
-8.995797228010138 13.391444439979546
-11.05694117860878 10.78373047587344
-13.11808512920742 13.678562482858169
-15.17922907980606 15.59239440056192
-17.2403730304047 12.544709914834991
-19.301516981003346 19.61762964934601
-21.362660931601983 19.04462323887827
-23.423804882200624 15.39070675920078
-25.48494883279926 20.59261516992777
-27.546092783397903 10.89269132800886
-29.607236733996544 19.538828057990383
-31.668380684595185 27.988841822077113
-33.729524635193826 21.263347051543565
-35.79066858579247 27.29460635823452
-37.85181253639111 27.848420024972185
-39.91295648698974 25.011080985890043
-41.97410043758838 24.80715519382997
-44.03524438818703 35.486624964596494
-46.09638833878567 34.54254027567591
-48.157532289384314 25.47009737632089
-50.218676239982955 28.160287964458824
-52.27982019058159 34.35539325051398
-54.34096414118023 33.3518409892221
-56.40210809177887 29.499971311296505
-58.46325204237751 32.3616891438992
-60.52439599297615 19.799138128015937
-62.5855399435748 22.780853219064213
-64.64668389417344 17.47677333300497
-66.70782784477208 19.66899736620597
-68.76897179537072 21.283675193609223
-70.83011574596937 13.18158902084479
-72.891259696568 12.237311230141179
-74.95240364716663 3.6672748357357805
-77.01354759776528 2.590958503908744
-79.07469154836392 5.393846244643156
-81.13583549896256 2.0819522033133193
-83.1969794495612 -7.256461544547976
-85.25812340015985 -4.6925433091838125
-87.31926735075848 5.945900783529486
-89.38041130135711 -1.0615181926779458
-91.44155525195578 2.1133779772854493
-93.50269920255441 3.290584611000763
-95.56384315315306 -4.860898444173744
-97.62498710375169 -0.9612945779371385
-99.68613105435034 -8.582388908651696
-101.74727500494897 8.152426073106389
-103.80841895554761 0.8952578533846636
-105.86956290614626 -12.136055553635224
-107.93070685674489 -0.03688478964391323
-109.99185080734354 5.064518116807083
-112.05299475794217 7.909447672854556
-114.11413870854082 -1.022310379524286
-116.17528265913946 -1.640331349160871
-118.23642660973809 -7.653870497502753
-120.29757056033674 5.348334112636581
-122.35871451093537 0.04129158384308798
-124.41985846153402 -4.162516044882613
-126.48100241213265 -0.25936010188944447
-128.5421463627313 -3.304601121523734
-130.60329031332995 -0.35103276108192066
-132.6644342639286 -0.1518618314366362
-134.72557821452722 2.288369208331012
-136.78672216512587 -7.266581931273982
-138.84786611572449 -0.49626616522504846
-140.90901006632316 1.9454480672891652
-142.97015401692178 0.7050936711433743
-145.03129796752043 1.8592435078343597
-147.09244191811905 -3.283027680158734
-149.1535858687177 -0.11767565449872618
-151.21472981931637 -0.8305313295099609
-153.275873769915 -0.009315201535208274
-155.33701772051364 5.004076648361163
-157.39816167111226 -1.5694677889730662
-159.4593056217109 2.699017679130184
-161.52044957230956 -6.438792805111333
-163.5815935229082 3.1453700398107944
-165.64273747350683 -0.6299330146819723
-167.70388142410548 -2.8129533520090475
-169.7650253747041 0.2416926006321684
-171.82616932530277 1.3247950376514102
-173.8873132759014 -4.720163746628515
-175.94845722650004 -4.84333515069538
-178.00960117709866 4.0671347202557016
-180.07074512769734 -3.5768997329942542
-182.13188907829596 -4.502921096480828
-184.1930330288946 3.7094309489893837
-186.25417697949322 -0.1131777376922979
-188.31532093009187 3.203845656634219
-190.37646488069055 1.6006376105224882
-192.43760883128917 -7.234632573036681
-194.49875278188782 -5.5735331485748585
-196.55989673248644 -0.5666483133903729
-198.6210406830851 -0.5609178122694366
-200.68218463368373 -7.2622005391969235
-202.7433285842824 -1.7081525305618441
-204.80447253488103 3.249505429491443
-206.86561648547968 1.2236385697346897
-208.9267604360783 -0.4408200800091232
-210.98790438667697 -3.122118243709698
-213.0490483372756 -9.907431406787142
-215.11019228787424 0.40167940565514165
-217.17133623847286 4.1827618559696935
-219.2324801890715 1.2459735671003145
-221.29362413967016 -1.3596753754827078
-223.3547680902688 0.9626558925945288
-225.41591204086745 -4.165255688242453
-227.47705599146607 5.240142403843196
-229.53819994206472 -3.679121716983547
-231.59934389266337 -4.250638263593975
-233.66048784326202 3.5939413864671734
-235.72163179386064 -5.461498051252302
-237.7827757444593 -3.0244144662174426
-239.8439196950579 -0.9801983761561485
-241.90506364565658 4.975354190831011
-243.9662075962552 2.2677940246126154
-246.02735154685385 -2.497234232636559
-248.08849549745247 2.0605127671221717
-250.14963944805115 -0.7738280262170122
-252.21078339864977 1.063893279350264
-254.27192734924841 -0.6062224471361087
-256.33307129984706 0.7236014890630212
